f'cc28MPa = 46.01 MPa, ecc28MPa = 0.0084
f'cc35MPa = 53.73 MPa, ecc35MPa = 0.0074
f'cc42MPa = 61.26 MPa, ecc42MPa = 0.0066
f'cc70MPa = 90.47 MPa, ecc70MPa = 0.0049
Axial_Strain Axial_Load(kN)
1.250000e-05 1.433364e+02
2.500000e-05 2.861319e+02
3.750000e-05 4.283867e+02
5.000000e-05 5.701006e+02
6.250000e-05 7.112738e+02
7.500000e-05 8.519062e+02
8.750000e-05 9.919978e+02
1.000000e-04 1.131549e+03
1.125000e-04 1.270559e+03
1.250000e-04 1.409028e+03
1.375000e-04 1.546956e+03
1.500000e-04 1.684344e+03
1.625000e-04 1.821191e+03
1.750000e-04 1.957497e+03
1.875000e-04 2.093262e+03
2.000000e-04 2.228486e+03
2.125000e-04 2.363170e+03
2.250000e-04 2.497313e+03
2.375000e-04 2.630915e+03
2.500000e-04 2.763976e+03
2.625000e-04 2.896497e+03
2.750000e-04 3.028476e+03
2.875000e-04 3.159915e+03
3.000000e-04 3.290813e+03
3.125000e-04 3.421171e+03
3.250000e-04 3.550987e+03
3.375000e-04 3.680263e+03
3.500000e-04 3.808998e+03
3.625000e-04 3.937192e+03
3.750000e-04 4.064845e+03
3.875000e-04 4.191958e+03
4.000000e-04 4.318530e+03
4.125000e-04 4.444561e+03
4.250000e-04 4.570051e+03
4.375000e-04 4.695000e+03
4.500000e-04 4.819409e+03
4.625000e-04 4.943276e+03
4.750000e-04 5.066603e+03
4.875000e-04 5.189390e+03
5.000000e-04 5.311635e+03
5.125000e-04 5.433340e+03
5.250000e-04 5.554503e+03
5.375000e-04 5.675127e+03
5.500000e-04 5.795209e+03
5.625000e-04 5.914750e+03
5.750000e-04 6.033751e+03
5.875000e-04 6.152211e+03
6.000000e-04 6.270130e+03
6.125000e-04 6.387508e+03
6.250000e-04 6.504346e+03
6.375000e-04 6.620642e+03
6.500000e-04 6.736398e+03
6.625000e-04 6.851613e+03
6.750000e-04 6.966288e+03
6.875000e-04 7.080421e+03
7.000000e-04 7.194014e+03
7.125000e-04 7.307066e+03
7.250000e-04 7.419577e+03
7.375000e-04 7.531547e+03
7.500000e-04 7.642977e+03
7.625000e-04 7.753865e+03
7.750000e-04 7.864213e+03
7.875000e-04 7.974020e+03
8.000000e-04 8.083287e+03
8.125000e-04 8.192012e+03
8.250000e-04 8.300197e+03
8.375000e-04 8.407841e+03
8.500000e-04 8.514944e+03
8.625000e-04 8.621506e+03
8.750000e-04 8.727527e+03
8.875000e-04 8.833008e+03
9.000000e-04 8.937948e+03
9.125000e-04 9.042347e+03
9.250000e-04 9.146205e+03
9.375000e-04 9.249522e+03
9.500000e-04 9.352298e+03
9.625000e-04 9.454534e+03
9.750000e-04 9.556229e+03
9.875000e-04 9.657382e+03
1.000000e-03 9.757995e+03
1.012500e-03 9.858067e+03
1.025000e-03 9.957598e+03
1.037500e-03 1.005659e+04
1.050000e-03 1.015504e+04
1.062500e-03 1.025295e+04
1.075000e-03 1.035031e+04
1.087500e-03 1.044714e+04
1.100000e-03 1.054342e+04
1.112500e-03 1.063917e+04
1.125000e-03 1.073437e+04
1.137500e-03 1.082903e+04
1.150000e-03 1.092315e+04
1.162500e-03 1.101673e+04
1.175000e-03 1.110977e+04
1.187500e-03 1.120227e+04
1.200000e-03 1.129422e+04
1.212500e-03 1.138564e+04
1.225000e-03 1.147651e+04
1.237500e-03 1.156684e+04
1.250000e-03 1.165663e+04
1.262500e-03 1.174588e+04
1.275000e-03 1.183459e+04
1.287500e-03 1.192275e+04
1.300000e-03 1.201037e+04
1.312500e-03 1.209745e+04
1.325000e-03 1.218399e+04
1.337500e-03 1.226999e+04
1.350000e-03 1.235544e+04
1.362500e-03 1.244035e+04
1.375000e-03 1.252472e+04
1.387500e-03 1.260855e+04
1.400000e-03 1.269183e+04
1.412500e-03 1.277457e+04
1.425000e-03 1.285677e+04
1.437500e-03 1.293842e+04
1.450000e-03 1.301953e+04
1.462500e-03 1.310009e+04
1.475000e-03 1.318011e+04
1.487500e-03 1.325959e+04
1.500000e-03 1.333852e+04
1.512500e-03 1.341690e+04
1.525000e-03 1.349474e+04
1.537500e-03 1.357204e+04
1.550000e-03 1.364879e+04
1.562500e-03 1.372499e+04
1.575000e-03 1.380064e+04
1.587500e-03 1.387575e+04
1.600000e-03 1.395030e+04
1.612500e-03 1.402431e+04
1.625000e-03 1.409777e+04
1.637500e-03 1.417068e+04
1.650000e-03 1.424304e+04
1.662500e-03 1.431485e+04
1.675000e-03 1.438611e+04
1.687500e-03 1.445681e+04
1.700000e-03 1.452696e+04
1.712500e-03 1.459655e+04
1.725000e-03 1.466559e+04
1.737500e-03 1.473408e+04
1.750000e-03 1.480200e+04
1.762500e-03 1.486937e+04
1.775000e-03 1.493618e+04
1.787500e-03 1.500243e+04
1.800000e-03 1.506812e+04
1.812500e-03 1.513324e+04
1.825000e-03 1.519780e+04
1.837500e-03 1.526179e+04
1.850000e-03 1.532521e+04
1.862500e-03 1.538807e+04
1.875000e-03 1.545035e+04
1.887500e-03 1.551207e+04
1.900000e-03 1.557320e+04
1.912500e-03 1.563376e+04
1.925000e-03 1.569374e+04
1.937500e-03 1.575315e+04
1.950000e-03 1.581196e+04
1.962500e-03 1.587020e+04
1.975000e-03 1.592784e+04
1.987500e-03 1.598490e+04
2.000000e-03 1.604136e+04
2.012500e-03 1.606207e+04
2.025000e-03 1.608263e+04
2.037500e-03 1.610303e+04
2.050000e-03 1.612326e+04
2.062500e-03 1.614333e+04
2.075000e-03 1.616324e+04
2.087500e-03 1.618296e+04
2.100000e-03 1.620252e+04
2.112500e-03 1.622189e+04
2.125000e-03 1.624108e+04
2.137500e-03 1.626009e+04
2.150000e-03 1.627890e+04
2.162500e-03 1.629752e+04
2.175000e-03 1.631594e+04
2.187500e-03 1.633415e+04
2.200000e-03 1.635216e+04
2.212500e-03 1.636995e+04
2.225000e-03 1.638753e+04
2.237500e-03 1.640489e+04
2.250000e-03 1.642202e+04
2.262500e-03 1.643892e+04
2.275000e-03 1.645559e+04
2.287500e-03 1.647201e+04
2.300000e-03 1.648819e+04
2.312500e-03 1.650412e+04
2.325000e-03 1.651980e+04
2.337500e-03 1.653521e+04
2.350000e-03 1.655036e+04
2.362500e-03 1.656525e+04
2.375000e-03 1.657985e+04
2.387500e-03 1.659418e+04
2.400000e-03 1.660822e+04
2.412500e-03 1.662198e+04
2.425000e-03 1.663544e+04
2.437500e-03 1.664861e+04
2.450000e-03 1.666147e+04
2.462500e-03 1.667403e+04
2.475000e-03 1.668628e+04
2.487500e-03 1.669821e+04
2.500000e-03 1.670983e+04
2.512500e-03 1.672112e+04
2.525000e-03 1.673209e+04
2.537500e-03 1.674274e+04
2.550000e-03 1.675305e+04
2.562500e-03 1.676303e+04
2.575000e-03 1.677268e+04
2.587500e-03 1.678198e+04
2.600000e-03 1.679095e+04
2.612500e-03 1.679958e+04
2.625000e-03 1.680787e+04
2.637500e-03 1.681581e+04
2.650000e-03 1.682341e+04
2.662500e-03 1.683066e+04
2.675000e-03 1.683757e+04
2.687500e-03 1.684414e+04
2.700000e-03 1.685036e+04
2.712500e-03 1.685623e+04
2.725000e-03 1.686177e+04
2.737500e-03 1.686696e+04
2.750000e-03 1.687181e+04
2.762500e-03 1.687633e+04
2.775000e-03 1.688051e+04
2.787500e-03 1.688435e+04
2.800000e-03 1.688786e+04
2.812500e-03 1.689104e+04
2.825000e-03 1.689389e+04
2.837500e-03 1.689642e+04
2.850000e-03 1.689863e+04
2.862500e-03 1.690053e+04
2.875000e-03 1.690210e+04
2.887500e-03 1.690337e+04
2.900000e-03 1.690433e+04
2.912500e-03 1.690499e+04
2.925000e-03 1.690534e+04
2.937500e-03 1.690541e+04
2.950000e-03 1.690518e+04
2.962500e-03 1.690466e+04
2.975000e-03 1.690386e+04
2.987500e-03 1.690278e+04
3.000000e-03 1.690143e+04
3.012500e-03 1.689981e+04
3.025000e-03 1.689792e+04
3.037500e-03 1.689576e+04
3.050000e-03 1.689335e+04
3.062500e-03 1.689069e+04
3.075000e-03 1.688778e+04
3.087500e-03 1.688462e+04
3.100000e-03 1.688122e+04
3.112500e-03 1.687758e+04
3.125000e-03 1.687371e+04
3.137500e-03 1.686961e+04
3.150000e-03 1.686529e+04
3.162500e-03 1.686074e+04
3.175000e-03 1.685598e+04
3.187500e-03 1.685100e+04
3.200000e-03 1.684581e+04
3.212500e-03 1.684041e+04
3.225000e-03 1.683481e+04
3.237500e-03 1.682901e+04
3.250000e-03 1.682302e+04
3.262500e-03 1.681683e+04
3.275000e-03 1.681044e+04
3.287500e-03 1.680388e+04
3.300000e-03 1.679712e+04
3.312500e-03 1.679019e+04
3.325000e-03 1.678308e+04
3.337500e-03 1.677579e+04
3.350000e-03 1.676832e+04
3.362500e-03 1.676069e+04
3.375000e-03 1.675289e+04
3.387500e-03 1.674492e+04
3.400000e-03 1.673679e+04
3.412500e-03 1.672850e+04
3.425000e-03 1.672004e+04
3.437500e-03 1.671143e+04
3.450000e-03 1.670267e+04
3.462500e-03 1.669375e+04
3.475000e-03 1.668469e+04
3.487500e-03 1.667547e+04
3.500000e-03 1.666611e+04
3.512500e-03 1.665660e+04
3.525000e-03 1.664694e+04
3.537500e-03 1.663715e+04
3.550000e-03 1.662721e+04
3.562500e-03 1.661713e+04
3.575000e-03 1.660692e+04
3.587500e-03 1.659657e+04
3.600000e-03 1.658608e+04
3.612500e-03 1.657546e+04
3.625000e-03 1.656471e+04
3.637500e-03 1.655383e+04
3.650000e-03 1.654282e+04
3.662500e-03 1.653167e+04
3.675000e-03 1.652040e+04
3.687500e-03 1.650901e+04
3.700000e-03 1.649749e+04
3.712500e-03 1.648584e+04
3.725000e-03 1.647407e+04
3.737500e-03 1.646217e+04
3.750000e-03 1.645015e+04
3.762500e-03 1.643802e+04
3.775000e-03 1.642576e+04
3.787500e-03 1.641338e+04
3.800000e-03 1.640088e+04
3.812500e-03 1.638827e+04
3.825000e-03 1.637553e+04
3.837500e-03 1.636268e+04
3.850000e-03 1.634971e+04
3.862500e-03 1.633663e+04
3.875000e-03 1.632343e+04
3.887500e-03 1.631012e+04
3.900000e-03 1.629669e+04
3.912500e-03 1.628315e+04
3.925000e-03 1.626950e+04
3.937500e-03 1.625574e+04
3.950000e-03 1.624186e+04
3.962500e-03 1.622787e+04
3.975000e-03 1.621377e+04
3.987500e-03 1.619956e+04
4.000000e-03 1.618524e+04
4.012500e-03 1.620618e+04
4.025000e-03 1.622701e+04
4.037500e-03 1.624773e+04
4.050000e-03 1.626835e+04
4.062500e-03 1.628885e+04
4.075000e-03 1.630925e+04
4.087500e-03 1.632954e+04
4.100000e-03 1.634972e+04
4.112500e-03 1.636979e+04
4.125000e-03 1.638976e+04
4.137500e-03 1.640962e+04
4.150000e-03 1.642938e+04
4.162500e-03 1.644902e+04
4.175000e-03 1.646857e+04
4.187500e-03 1.648800e+04
4.200000e-03 1.650733e+04
4.212500e-03 1.652656e+04
4.225000e-03 1.654568e+04
4.237500e-03 1.656469e+04
4.250000e-03 1.658360e+04
4.262500e-03 1.660241e+04
4.275000e-03 1.662111e+04
4.287500e-03 1.663971e+04
4.300000e-03 1.665820e+04
4.312500e-03 1.667659e+04
4.325000e-03 1.669487e+04
4.337500e-03 1.671305e+04
4.350000e-03 1.673113e+04
4.362500e-03 1.674910e+04
4.375000e-03 1.676698e+04
4.387500e-03 1.678474e+04
4.400000e-03 1.680241e+04
4.412500e-03 1.681997e+04
4.425000e-03 1.683743e+04
4.437500e-03 1.685479e+04
4.450000e-03 1.687204e+04
4.462500e-03 1.688919e+04
4.475000e-03 1.690624e+04
4.487500e-03 1.692319e+04
4.500000e-03 1.694004e+04
4.512500e-03 1.695678e+04
4.525000e-03 1.697342e+04
4.537500e-03 1.698996e+04
4.550000e-03 1.700640e+04
4.562500e-03 1.702273e+04
4.575000e-03 1.703897e+04
4.587500e-03 1.705510e+04
4.600000e-03 1.707113e+04
4.612500e-03 1.708706e+04
4.625000e-03 1.710289e+04
4.637500e-03 1.711862e+04
4.650000e-03 1.713424e+04
4.662500e-03 1.714977e+04
4.675000e-03 1.716519e+04
4.687500e-03 1.718051e+04
4.700000e-03 1.719574e+04
4.712500e-03 1.721086e+04
4.725000e-03 1.722588e+04
4.737500e-03 1.724079e+04
4.750000e-03 1.725561e+04
4.762500e-03 1.727033e+04
4.775000e-03 1.728495e+04
4.787500e-03 1.729946e+04
4.800000e-03 1.731388e+04
4.812500e-03 1.732819e+04
4.825000e-03 1.734240e+04
4.837500e-03 1.735652e+04
4.850000e-03 1.737053e+04
4.862500e-03 1.738444e+04
4.875000e-03 1.739825e+04
4.887500e-03 1.741196e+04
4.900000e-03 1.742558e+04
4.912500e-03 1.743909e+04
4.925000e-03 1.745250e+04
4.937500e-03 1.746581e+04
4.950000e-03 1.747902e+04
4.962500e-03 1.749213e+04
4.975000e-03 1.750513e+04
4.987500e-03 1.751804e+04
5.000000e-03 1.753085e+04
5.012500e-03 1.754356e+04
5.025000e-03 1.755617e+04
5.037500e-03 1.756868e+04
5.050000e-03 1.758109e+04
5.062500e-03 1.759339e+04
5.075000e-03 1.760560e+04
5.087500e-03 1.761771e+04
5.100000e-03 1.762972e+04
5.112500e-03 1.764163e+04
5.125000e-03 1.765344e+04
5.137500e-03 1.766514e+04
5.150000e-03 1.767675e+04
5.162500e-03 1.768826e+04
5.175000e-03 1.769967e+04
5.187500e-03 1.771098e+04
5.200000e-03 1.772219e+04
5.212500e-03 1.773330e+04
5.225000e-03 1.774430e+04
5.237500e-03 1.775521e+04
5.250000e-03 1.776602e+04
5.262500e-03 1.777673e+04
5.275000e-03 1.778734e+04
5.287500e-03 1.779785e+04
5.300000e-03 1.780826e+04
5.312500e-03 1.781857e+04
5.325000e-03 1.782878e+04
5.337500e-03 1.783889e+04
5.350000e-03 1.784891e+04
5.362500e-03 1.785882e+04
5.375000e-03 1.786863e+04
5.387500e-03 1.787834e+04
5.400000e-03 1.788795e+04
5.412500e-03 1.789747e+04
5.425000e-03 1.790688e+04
5.437500e-03 1.791619e+04
5.450000e-03 1.792541e+04
5.462500e-03 1.793452e+04
5.475000e-03 1.794353e+04
5.487500e-03 1.795245e+04
5.500000e-03 1.796126e+04
5.512500e-03 1.796998e+04
5.525000e-03 1.797859e+04
5.537500e-03 1.798711e+04
5.550000e-03 1.799553e+04
5.562500e-03 1.800384e+04
5.575000e-03 1.801206e+04
5.587500e-03 1.802018e+04
5.600000e-03 1.802820e+04
5.612500e-03 1.803612e+04
5.625000e-03 1.804393e+04
5.637500e-03 1.805165e+04
5.650000e-03 1.805927e+04
5.662500e-03 1.806679e+04
5.675000e-03 1.807421e+04
5.687500e-03 1.808153e+04
5.700000e-03 1.808876e+04
5.712500e-03 1.809588e+04
5.725000e-03 1.810290e+04
5.737500e-03 1.810982e+04
5.750000e-03 1.811665e+04
5.762500e-03 1.812337e+04
5.775000e-03 1.812999e+04
5.787500e-03 1.813652e+04
5.800000e-03 1.814294e+04
5.812500e-03 1.814927e+04
5.825000e-03 1.815550e+04
5.837500e-03 1.816162e+04
5.850000e-03 1.816765e+04
5.862500e-03 1.817358e+04
5.875000e-03 1.817941e+04
5.887500e-03 1.818513e+04
5.900000e-03 1.819076e+04
5.912500e-03 1.819629e+04
5.925000e-03 1.820172e+04
5.937500e-03 1.820705e+04
5.950000e-03 1.821228e+04
5.962500e-03 1.821742e+04
5.975000e-03 1.822245e+04
5.987500e-03 1.822738e+04
6.000000e-03 1.823221e+04
6.012500e-03 1.823695e+04
6.025000e-03 1.824158e+04
6.037500e-03 1.824612e+04
6.050000e-03 1.825055e+04
6.062500e-03 1.825489e+04
6.075000e-03 1.825912e+04
6.087500e-03 1.826326e+04
6.100000e-03 1.826730e+04
6.112500e-03 1.827124e+04
6.125000e-03 1.827507e+04
6.137500e-03 1.827881e+04
6.150000e-03 1.828245e+04
6.162500e-03 1.828599e+04
6.175000e-03 1.828943e+04
6.187500e-03 1.829278e+04
6.200000e-03 1.829602e+04
6.212500e-03 1.829916e+04
6.225000e-03 1.830220e+04
6.237500e-03 1.830515e+04
6.250000e-03 1.830799e+04
6.262500e-03 1.831073e+04
6.275000e-03 1.831338e+04
6.287500e-03 1.831592e+04
6.300000e-03 1.831837e+04
6.312500e-03 1.832072e+04
6.325000e-03 1.832296e+04
6.337500e-03 1.832511e+04
6.350000e-03 1.832716e+04
6.362500e-03 1.832911e+04
6.375000e-03 1.833096e+04
6.387500e-03 1.833271e+04
6.400000e-03 1.833436e+04
6.412500e-03 1.833591e+04
6.425000e-03 1.833736e+04
6.437500e-03 1.833872e+04
6.450000e-03 1.833997e+04
6.462500e-03 1.834112e+04
6.475000e-03 1.834218e+04
6.487500e-03 1.834313e+04
6.500000e-03 1.834399e+04
6.512500e-03 1.834474e+04
6.525000e-03 1.834540e+04
6.537500e-03 1.834596e+04
6.550000e-03 1.834641e+04
6.562500e-03 1.834677e+04
6.575000e-03 1.834703e+04
6.587500e-03 1.834612e+04
6.600000e-03 1.832984e+04
6.612500e-03 1.831355e+04
6.625000e-03 1.829727e+04
6.637500e-03 1.828098e+04
6.650000e-03 1.826469e+04
6.662500e-03 1.824841e+04
6.675000e-03 1.823212e+04
6.687500e-03 1.821584e+04
6.700000e-03 1.819955e+04
6.712500e-03 1.818326e+04
6.725000e-03 1.816698e+04
6.737500e-03 1.815069e+04
6.750000e-03 1.813441e+04
6.762500e-03 1.811812e+04
6.775000e-03 1.810183e+04
6.787500e-03 1.808555e+04
6.800000e-03 1.806926e+04
6.812500e-03 1.805297e+04
6.825000e-03 1.803669e+04
6.837500e-03 1.802040e+04
6.850000e-03 1.800412e+04
6.862500e-03 1.798783e+04
6.875000e-03 1.797154e+04
6.887500e-03 1.795526e+04
6.900000e-03 1.793897e+04
6.912500e-03 1.792268e+04
6.925000e-03 1.790640e+04
6.937500e-03 1.789011e+04
6.950000e-03 1.787382e+04
6.962500e-03 1.785754e+04
6.975000e-03 1.784125e+04
6.987500e-03 1.782496e+04
7.000000e-03 1.780868e+04
7.012500e-03 1.779239e+04
7.025000e-03 1.777611e+04
7.037500e-03 1.775982e+04
7.050000e-03 1.774353e+04
7.062500e-03 1.772725e+04
7.075000e-03 1.771096e+04
7.087500e-03 1.769467e+04
7.100000e-03 1.767839e+04
7.112500e-03 1.766210e+04
7.125000e-03 1.764581e+04
7.137500e-03 1.762953e+04
7.150000e-03 1.761324e+04
7.162500e-03 1.759695e+04
7.175000e-03 1.758067e+04
7.187500e-03 1.756438e+04
7.200000e-03 1.754809e+04
7.212500e-03 1.753181e+04
7.225000e-03 1.751552e+04
7.237500e-03 1.749923e+04
7.250000e-03 1.748295e+04
7.262500e-03 1.746666e+04
7.275000e-03 1.745037e+04
7.287500e-03 1.743409e+04
7.300000e-03 1.741780e+04
7.312500e-03 1.740151e+04
7.325000e-03 1.738523e+04
7.337500e-03 1.736894e+04
7.350000e-03 1.735265e+04
7.362500e-03 1.733637e+04
7.375000e-03 1.732008e+04
7.387500e-03 1.730379e+04
7.400000e-03 1.728751e+04
7.412500e-03 1.727122e+04
7.425000e-03 1.725493e+04
7.437500e-03 1.723865e+04
7.450000e-03 1.722236e+04
7.462500e-03 1.720607e+04
7.475000e-03 1.718979e+04
7.487500e-03 1.717350e+04
7.500000e-03 1.715721e+04
7.512500e-03 1.714093e+04
7.525000e-03 1.712464e+04
7.537500e-03 1.710835e+04
7.550000e-03 1.709207e+04
7.562500e-03 1.707578e+04
7.575000e-03 1.705949e+04
7.587500e-03 1.704321e+04
7.600000e-03 1.702692e+04
7.612500e-03 1.701063e+04
7.625000e-03 1.699435e+04
7.637500e-03 1.697806e+04
7.650000e-03 1.696177e+04
7.662500e-03 1.694549e+04
7.675000e-03 1.692920e+04
7.687500e-03 1.691291e+04
7.700000e-03 1.689663e+04
7.712500e-03 1.688034e+04
7.725000e-03 1.686405e+04
7.737500e-03 1.684777e+04
7.750000e-03 1.683148e+04
7.762500e-03 1.681519e+04
7.775000e-03 1.679891e+04
7.787500e-03 1.678262e+04
7.800000e-03 1.676633e+04
7.812500e-03 1.675005e+04
7.825000e-03 1.673376e+04
7.837500e-03 1.671747e+04
7.850000e-03 1.670119e+04
7.862500e-03 1.668490e+04
7.875000e-03 1.666861e+04
7.887500e-03 1.665233e+04
7.900000e-03 1.663604e+04
7.912500e-03 1.661975e+04
7.925000e-03 1.660347e+04
7.937500e-03 1.658718e+04
7.950000e-03 1.657089e+04
7.962500e-03 1.655461e+04
7.975000e-03 1.653832e+04
7.987500e-03 1.652203e+04
8.000000e-03 1.650575e+04
8.012500e-03 1.648946e+04
8.025000e-03 1.647317e+04
8.037500e-03 1.645689e+04
8.050000e-03 1.644060e+04
8.062500e-03 1.642431e+04
8.075000e-03 1.640803e+04
8.087500e-03 1.639174e+04
8.100000e-03 1.637545e+04
8.112500e-03 1.635917e+04
8.125000e-03 1.634288e+04
8.137500e-03 1.632659e+04
8.150000e-03 1.631031e+04
8.162500e-03 1.629402e+04
8.175000e-03 1.627773e+04
8.187500e-03 1.626145e+04
8.200000e-03 1.624516e+04
8.212500e-03 1.622887e+04
8.225000e-03 1.621259e+04
8.237500e-03 1.619630e+04
8.250000e-03 1.618001e+04
8.262500e-03 1.616373e+04
8.275000e-03 1.614744e+04
8.287500e-03 1.613115e+04
8.300000e-03 1.611487e+04
8.312500e-03 1.609858e+04
8.325000e-03 1.608229e+04
8.337500e-03 1.606601e+04
8.350000e-03 1.604972e+04
8.362500e-03 1.603343e+04
8.375000e-03 1.601715e+04
8.387500e-03 1.600086e+04
8.400000e-03 1.598457e+04
8.412500e-03 1.596829e+04
8.425000e-03 1.595200e+04
8.437500e-03 1.593571e+04
8.450000e-03 1.591943e+04
8.462500e-03 1.590314e+04
8.475000e-03 1.588685e+04
8.487500e-03 1.587057e+04
8.500000e-03 1.585428e+04
8.512500e-03 1.583799e+04
8.525000e-03 1.582171e+04
8.537500e-03 1.580542e+04
8.550000e-03 1.578913e+04
8.562500e-03 1.577285e+04
8.575000e-03 1.575656e+04
8.587500e-03 1.574027e+04
8.600000e-03 1.572399e+04
8.612500e-03 1.570770e+04
8.625000e-03 1.569141e+04
8.637500e-03 1.567513e+04
8.650000e-03 1.565884e+04
8.662500e-03 1.564255e+04
8.675000e-03 1.562627e+04
8.687500e-03 1.560998e+04
8.700000e-03 1.559370e+04
8.712500e-03 1.557741e+04
8.725000e-03 1.556112e+04
8.737500e-03 1.554484e+04
8.750000e-03 1.552855e+04
8.762500e-03 1.551226e+04
8.775000e-03 1.549598e+04
8.787500e-03 1.547969e+04
8.800000e-03 1.546340e+04
8.812500e-03 1.544712e+04
8.825000e-03 1.543083e+04
8.837500e-03 1.541454e+04
8.850000e-03 1.539826e+04
8.862500e-03 1.538197e+04
8.875000e-03 1.536568e+04
8.887500e-03 1.534940e+04
8.900000e-03 1.533311e+04
8.912500e-03 1.531682e+04
8.925000e-03 1.530054e+04
8.937500e-03 1.528425e+04
8.950000e-03 1.526796e+04
8.962500e-03 1.525168e+04
8.975000e-03 1.523539e+04
8.987500e-03 1.521910e+04
9.000000e-03 1.520282e+04
9.012500e-03 1.518653e+04
9.025000e-03 1.517024e+04
9.037500e-03 1.515396e+04
9.050000e-03 1.513767e+04
9.062500e-03 1.512139e+04
9.075000e-03 1.510510e+04
9.087500e-03 1.508881e+04
9.100000e-03 1.507253e+04
9.112500e-03 1.505624e+04
9.125000e-03 1.503995e+04
9.137500e-03 1.502367e+04
9.150000e-03 1.500738e+04
9.162500e-03 1.499109e+04
9.175000e-03 1.497481e+04
9.187500e-03 1.495852e+04
9.200000e-03 1.494223e+04
9.212500e-03 1.492595e+04
9.225000e-03 1.490966e+04
9.237500e-03 1.489337e+04
9.250000e-03 1.487709e+04
9.262500e-03 1.486080e+04
9.275000e-03 1.484452e+04
9.287500e-03 1.482823e+04
9.300000e-03 1.481194e+04
9.312500e-03 1.479566e+04
9.325000e-03 1.477937e+04
9.337500e-03 1.476308e+04
9.350000e-03 1.474680e+04
9.362500e-03 1.473051e+04
9.375000e-03 1.471422e+04
9.387500e-03 1.469794e+04
9.400000e-03 1.468165e+04
9.412500e-03 1.466536e+04
9.425000e-03 1.464908e+04
9.437500e-03 1.463279e+04
9.450000e-03 1.461651e+04
9.462500e-03 1.460022e+04
9.475000e-03 1.458393e+04
9.487500e-03 1.456765e+04
9.500000e-03 1.455136e+04
9.512500e-03 1.453507e+04
9.525000e-03 1.451879e+04
9.537500e-03 1.450250e+04
9.550000e-03 1.448621e+04
9.562500e-03 1.446993e+04
9.575000e-03 1.445364e+04
9.587500e-03 1.443736e+04
9.600000e-03 1.442107e+04
9.612500e-03 1.440478e+04
9.625000e-03 1.438850e+04
9.637500e-03 1.437221e+04
9.650000e-03 1.435592e+04
9.662500e-03 1.433964e+04
9.675000e-03 1.432335e+04
9.687500e-03 1.430706e+04
9.700000e-03 1.429078e+04
9.712500e-03 1.427449e+04
9.725000e-03 1.425821e+04
9.737500e-03 1.424192e+04
9.750000e-03 1.422563e+04
9.762500e-03 1.420935e+04
9.775000e-03 1.419306e+04
9.787500e-03 1.417677e+04
9.800000e-03 1.416049e+04
9.812500e-03 1.414420e+04
9.825000e-03 1.412792e+04
9.837500e-03 1.411163e+04
9.850000e-03 1.409534e+04
9.862500e-03 1.407906e+04
9.875000e-03 1.406277e+04
9.887500e-03 1.404648e+04
9.900000e-03 1.403020e+04
9.912500e-03 1.401391e+04
9.925000e-03 1.399762e+04
9.937500e-03 1.398134e+04
9.950000e-03 1.396505e+04
9.962500e-03 1.394877e+04
9.975000e-03 1.393248e+04
9.987500e-03 1.391619e+04
1.000000e-02 1.389991e+04
1.001250e-02 1.388362e+04
1.002500e-02 1.386733e+04
1.003750e-02 1.385105e+04
1.005000e-02 1.383476e+04
1.006250e-02 1.381848e+04
1.007500e-02 1.380219e+04
1.008750e-02 1.378590e+04
1.010000e-02 1.376962e+04
1.011250e-02 1.375333e+04
1.012500e-02 1.373704e+04
1.013750e-02 1.372076e+04
1.015000e-02 1.370447e+04
1.016250e-02 1.368819e+04
1.017500e-02 1.367190e+04
1.018750e-02 1.365561e+04
1.020000e-02 1.363933e+04
1.021250e-02 1.362304e+04
1.022500e-02 1.360676e+04
1.023750e-02 1.359047e+04
1.025000e-02 1.357418e+04
1.026250e-02 1.355790e+04
1.027500e-02 1.354161e+04
1.028750e-02 1.352532e+04
1.030000e-02 1.350904e+04
1.031250e-02 1.349275e+04
1.032500e-02 1.347647e+04
1.033750e-02 1.346018e+04
1.035000e-02 1.344389e+04
1.036250e-02 1.342761e+04
1.037500e-02 1.341132e+04
1.038750e-02 1.339504e+04
1.040000e-02 1.337875e+04
1.041250e-02 1.336246e+04
1.042500e-02 1.334618e+04
1.043750e-02 1.332989e+04
1.045000e-02 1.331360e+04
1.046250e-02 1.329732e+04
1.047500e-02 1.328103e+04
1.048750e-02 1.326475e+04
1.050000e-02 1.324846e+04
1.051250e-02 1.323217e+04
1.052500e-02 1.321589e+04
1.053750e-02 1.319960e+04
1.055000e-02 1.318332e+04
1.056250e-02 1.316703e+04
1.057500e-02 1.315074e+04
1.058750e-02 1.313446e+04
1.060000e-02 1.311817e+04
1.061250e-02 1.310189e+04
1.062500e-02 1.308560e+04
1.063750e-02 1.306931e+04
1.065000e-02 1.305303e+04
1.066250e-02 1.303674e+04
1.067500e-02 1.302045e+04
1.068750e-02 1.300417e+04
1.070000e-02 1.298788e+04
1.071250e-02 1.297160e+04
1.072500e-02 1.295531e+04
1.073750e-02 1.293902e+04
1.075000e-02 1.292274e+04
1.076250e-02 1.290645e+04
1.077500e-02 1.289017e+04
1.078750e-02 1.287388e+04
1.080000e-02 1.285759e+04
1.081250e-02 1.284131e+04
1.082500e-02 1.282502e+04
1.083750e-02 1.280874e+04
1.085000e-02 1.279245e+04
1.086250e-02 1.277616e+04
1.087500e-02 1.275988e+04
1.088750e-02 1.274359e+04
1.090000e-02 1.272731e+04
1.091250e-02 1.271102e+04
1.092500e-02 1.269473e+04
1.093750e-02 1.267845e+04
1.095000e-02 1.266216e+04
1.096250e-02 1.264588e+04
1.097500e-02 1.262959e+04
1.098750e-02 1.261330e+04
1.100000e-02 1.259702e+04
1.101250e-02 1.258073e+04
1.102500e-02 1.256445e+04
1.103750e-02 1.254816e+04
1.105000e-02 1.253187e+04
1.106250e-02 1.251559e+04
1.107500e-02 1.249930e+04
1.108750e-02 1.248302e+04
1.110000e-02 1.246673e+04
1.111250e-02 1.245045e+04
1.112500e-02 1.243416e+04
1.113750e-02 1.241787e+04
1.115000e-02 1.240159e+04
1.116250e-02 1.238530e+04
1.117500e-02 1.236902e+04
1.118750e-02 1.235273e+04
1.120000e-02 1.233644e+04
1.121250e-02 1.232016e+04
1.122500e-02 1.230387e+04
1.123750e-02 1.228759e+04
1.125000e-02 1.227130e+04
1.126250e-02 1.225501e+04
1.127500e-02 1.223873e+04
1.128750e-02 1.222244e+04
1.130000e-02 1.220616e+04
1.131250e-02 1.218987e+04
1.132500e-02 1.217358e+04
1.133750e-02 1.215730e+04
1.135000e-02 1.214101e+04
1.136250e-02 1.212473e+04
1.137500e-02 1.210844e+04
1.138750e-02 1.209216e+04
1.140000e-02 1.207587e+04
1.141250e-02 1.205958e+04
1.142500e-02 1.204330e+04
1.143750e-02 1.202701e+04
1.145000e-02 1.201073e+04
1.146250e-02 1.199444e+04
1.147500e-02 1.197815e+04
1.148750e-02 1.196187e+04
1.150000e-02 1.194558e+04
1.151250e-02 1.192930e+04
1.152500e-02 1.191301e+04
1.153750e-02 1.189673e+04
1.155000e-02 1.188044e+04
1.156250e-02 1.186415e+04
1.157500e-02 1.184787e+04
1.158750e-02 1.183158e+04
1.160000e-02 1.181530e+04
1.161250e-02 1.179901e+04
1.162500e-02 1.178272e+04
1.163750e-02 1.176644e+04
1.165000e-02 1.175015e+04
1.166250e-02 1.173387e+04
1.167500e-02 1.171758e+04
1.168750e-02 1.170130e+04
1.170000e-02 1.168501e+04
1.171250e-02 1.166872e+04
1.172500e-02 1.165244e+04
1.173750e-02 1.163615e+04
1.175000e-02 1.161987e+04
1.176250e-02 1.160358e+04
1.177500e-02 1.158730e+04
1.178750e-02 1.157101e+04
1.180000e-02 1.155472e+04
1.181250e-02 1.153844e+04
1.182500e-02 1.152215e+04
1.183750e-02 1.150587e+04
1.185000e-02 1.148958e+04
1.186250e-02 1.147330e+04
1.187500e-02 1.145701e+04
1.188750e-02 1.144072e+04
1.190000e-02 1.142444e+04
1.191250e-02 1.140815e+04
1.192500e-02 1.139187e+04
1.193750e-02 1.137558e+04
1.195000e-02 1.135930e+04
1.196250e-02 1.134301e+04
1.197500e-02 1.132672e+04
1.198750e-02 1.131044e+04
1.200000e-02 1.129415e+04
1.201250e-02 1.127787e+04
1.202500e-02 1.126158e+04
1.203750e-02 1.124530e+04
1.205000e-02 1.122901e+04
1.206250e-02 1.121272e+04
1.207500e-02 1.119644e+04
1.208750e-02 1.118015e+04
1.210000e-02 1.116387e+04
1.211250e-02 1.114758e+04
1.212500e-02 1.113130e+04
1.213750e-02 1.111501e+04
1.215000e-02 1.109873e+04
1.216250e-02 1.108244e+04
1.217500e-02 1.106615e+04
1.218750e-02 1.104987e+04
1.220000e-02 1.103358e+04
1.221250e-02 1.101730e+04
1.222500e-02 1.100101e+04
1.223750e-02 1.098473e+04
1.225000e-02 1.096844e+04
1.226250e-02 1.095215e+04
1.227500e-02 1.093587e+04
1.228750e-02 1.091958e+04
1.230000e-02 1.090330e+04
1.231250e-02 1.088701e+04
1.232500e-02 1.087073e+04
1.233750e-02 1.085444e+04
1.235000e-02 1.083816e+04
1.236250e-02 1.082187e+04
1.237500e-02 1.080558e+04
1.238750e-02 1.078930e+04
1.240000e-02 1.077301e+04
1.241250e-02 1.075673e+04
1.242500e-02 1.074044e+04
1.243750e-02 1.072416e+04
1.245000e-02 1.070787e+04
1.246250e-02 1.069159e+04
1.247500e-02 1.067530e+04
1.248750e-02 1.065901e+04
1.250000e-02 1.064273e+04
