Axial_Strain Axial_Load(kN)
1.250000e-05 2.413303e+02
2.500000e-05 4.816618e+02
3.750000e-05 7.209945e+02
5.000000e-05 9.593285e+02
6.250000e-05 1.196664e+03
7.500000e-05 1.433000e+03
8.750000e-05 1.668338e+03
1.000000e-04 1.902676e+03
1.125000e-04 2.136017e+03
1.250000e-04 2.368358e+03
1.375000e-04 2.599700e+03
1.500000e-04 2.830044e+03
1.625000e-04 3.059389e+03
1.750000e-04 3.287735e+03
1.875000e-04 3.515082e+03
2.000000e-04 3.741431e+03
2.125000e-04 3.966781e+03
2.250000e-04 4.191132e+03
2.375000e-04 4.414484e+03
2.500000e-04 4.636837e+03
2.625000e-04 4.858192e+03
2.750000e-04 5.078548e+03
2.875000e-04 5.297905e+03
3.000000e-04 5.516263e+03
3.125000e-04 5.733623e+03
3.250000e-04 5.949984e+03
3.375000e-04 6.165346e+03
3.500000e-04 6.379709e+03
3.625000e-04 6.593073e+03
3.750000e-04 6.805439e+03
3.875000e-04 7.016806e+03
4.000000e-04 7.227174e+03
4.125000e-04 7.436543e+03
4.250000e-04 7.644914e+03
4.375000e-04 7.852286e+03
4.500000e-04 8.058659e+03
4.625000e-04 8.264033e+03
4.750000e-04 8.468408e+03
4.875000e-04 8.671785e+03
5.000000e-04 8.874163e+03
5.125000e-04 9.075542e+03
5.250000e-04 9.275922e+03
5.375000e-04 9.475303e+03
5.500000e-04 9.673686e+03
5.625000e-04 9.871070e+03
5.750000e-04 1.006746e+04
5.875000e-04 1.026284e+04
6.000000e-04 1.045723e+04
6.125000e-04 1.065062e+04
6.250000e-04 1.084301e+04
6.375000e-04 1.103440e+04
6.500000e-04 1.122479e+04
6.625000e-04 1.141418e+04
6.750000e-04 1.160258e+04
6.875000e-04 1.178998e+04
7.000000e-04 1.197637e+04
7.125000e-04 1.216177e+04
7.250000e-04 1.234617e+04
7.375000e-04 1.252957e+04
7.500000e-04 1.271197e+04
7.625000e-04 1.289337e+04
7.750000e-04 1.307378e+04
7.875000e-04 1.325318e+04
8.000000e-04 1.343159e+04
8.125000e-04 1.360900e+04
8.250000e-04 1.378540e+04
8.375000e-04 1.396081e+04
8.500000e-04 1.413522e+04
8.625000e-04 1.430863e+04
8.750000e-04 1.448104e+04
8.875000e-04 1.465245e+04
9.000000e-04 1.482287e+04
9.125000e-04 1.499228e+04
9.250000e-04 1.516069e+04
9.375000e-04 1.532811e+04
9.500000e-04 1.549452e+04
9.625000e-04 1.565994e+04
9.750000e-04 1.582435e+04
9.875000e-04 1.598776e+04
1.000000e-03 1.615018e+04
1.012500e-03 1.631159e+04
1.025000e-03 1.647200e+04
1.037500e-03 1.663142e+04
1.050000e-03 1.678983e+04
1.062500e-03 1.694723e+04
1.075000e-03 1.710364e+04
1.087500e-03 1.725905e+04
1.100000e-03 1.741345e+04
1.112500e-03 1.756685e+04
1.125000e-03 1.771925e+04
1.137500e-03 1.787064e+04
1.150000e-03 1.802103e+04
1.162500e-03 1.817041e+04
1.175000e-03 1.831879e+04
1.187500e-03 1.846616e+04
1.200000e-03 1.861253e+04
1.212500e-03 1.875789e+04
1.225000e-03 1.890224e+04
1.237500e-03 1.904558e+04
1.250000e-03 1.918791e+04
1.262500e-03 1.932923e+04
1.275000e-03 1.946953e+04
1.287500e-03 1.960883e+04
1.300000e-03 1.974710e+04
1.312500e-03 1.988436e+04
1.325000e-03 2.002061e+04
1.337500e-03 2.015583e+04
1.350000e-03 2.029003e+04
1.362500e-03 2.042320e+04
1.375000e-03 2.055535e+04
1.387500e-03 2.068648e+04
1.400000e-03 2.081657e+04
1.412500e-03 2.094563e+04
1.425000e-03 2.107365e+04
1.437500e-03 2.120064e+04
1.450000e-03 2.132658e+04
1.462500e-03 2.145148e+04
1.475000e-03 2.157533e+04
1.487500e-03 2.169812e+04
1.500000e-03 2.181986e+04
1.512500e-03 2.194054e+04
1.525000e-03 2.206016e+04
1.537500e-03 2.217871e+04
1.550000e-03 2.229618e+04
1.562500e-03 2.241257e+04
1.575000e-03 2.252788e+04
1.587500e-03 2.264210e+04
1.600000e-03 2.275522e+04
1.612500e-03 2.286724e+04
1.625000e-03 2.297815e+04
1.637500e-03 2.308795e+04
1.650000e-03 2.319662e+04
1.662500e-03 2.330417e+04
1.675000e-03 2.341058e+04
1.687500e-03 2.351585e+04
1.700000e-03 2.361996e+04
1.712500e-03 2.372292e+04
1.725000e-03 2.382471e+04
1.737500e-03 2.392532e+04
1.750000e-03 2.402476e+04
1.762500e-03 2.412300e+04
1.775000e-03 2.422003e+04
1.787500e-03 2.431587e+04
1.800000e-03 2.441048e+04
1.812500e-03 2.450387e+04
1.825000e-03 2.459603e+04
1.837500e-03 2.468694e+04
1.850000e-03 2.477661e+04
1.862500e-03 2.486502e+04
1.875000e-03 2.495217e+04
1.887500e-03 2.503804e+04
1.900000e-03 2.512264e+04
1.912500e-03 2.520595e+04
1.925000e-03 2.528798e+04
1.937500e-03 2.536870e+04
1.950000e-03 2.544813e+04
1.962500e-03 2.552625e+04
1.975000e-03 2.560306e+04
1.987500e-03 2.567856e+04
2.000000e-03 2.575275e+04
2.012500e-03 2.576703e+04
2.025000e-03 2.578073e+04
2.037500e-03 2.579384e+04
2.050000e-03 2.580638e+04
2.062500e-03 2.581833e+04
2.075000e-03 2.582969e+04
2.087500e-03 2.584048e+04
2.100000e-03 2.585069e+04
2.112500e-03 2.586033e+04
2.125000e-03 2.586939e+04
2.137500e-03 2.587788e+04
2.150000e-03 2.588581e+04
2.162500e-03 2.589318e+04
2.175000e-03 2.590000e+04
2.187500e-03 2.590627e+04
2.200000e-03 2.591199e+04
2.212500e-03 2.591718e+04
2.225000e-03 2.592183e+04
2.237500e-03 2.592596e+04
2.250000e-03 2.592958e+04
2.262500e-03 2.593268e+04
2.275000e-03 2.593528e+04
2.287500e-03 2.593739e+04
2.300000e-03 2.593901e+04
2.312500e-03 2.594014e+04
2.325000e-03 2.594080e+04
2.337500e-03 2.594099e+04
2.350000e-03 2.594072e+04
2.362500e-03 2.594000e+04
2.375000e-03 2.593883e+04
2.387500e-03 2.593723e+04
2.400000e-03 2.593519e+04
2.412500e-03 2.593272e+04
2.425000e-03 2.592984e+04
2.437500e-03 2.592654e+04
2.450000e-03 2.592284e+04
2.462500e-03 2.591873e+04
2.475000e-03 2.591423e+04
2.487500e-03 2.590934e+04
2.500000e-03 2.590407e+04
2.512500e-03 2.589841e+04
2.525000e-03 2.589239e+04
2.537500e-03 2.588599e+04
2.550000e-03 2.587923e+04
2.562500e-03 2.587211e+04
2.575000e-03 2.586464e+04
2.587500e-03 2.585681e+04
2.600000e-03 2.584864e+04
2.612500e-03 2.584013e+04
2.625000e-03 2.583127e+04
2.637500e-03 2.582208e+04
2.650000e-03 2.581256e+04
2.662500e-03 2.580271e+04
2.675000e-03 2.579253e+04
2.687500e-03 2.578204e+04
2.700000e-03 2.577122e+04
2.712500e-03 2.576008e+04
2.725000e-03 2.574863e+04
2.737500e-03 2.573686e+04
2.750000e-03 2.572479e+04
2.762500e-03 2.571241e+04
2.775000e-03 2.569972e+04
2.787500e-03 2.568673e+04
2.800000e-03 2.567344e+04
2.812500e-03 2.565985e+04
2.825000e-03 2.564596e+04
2.837500e-03 2.563177e+04
2.850000e-03 2.561729e+04
2.862500e-03 2.560252e+04
2.875000e-03 2.558745e+04
2.887500e-03 2.557210e+04
2.900000e-03 2.555645e+04
2.912500e-03 2.554052e+04
2.925000e-03 2.552430e+04
2.937500e-03 2.550780e+04
2.950000e-03 2.549101e+04
2.962500e-03 2.547394e+04
2.975000e-03 2.545658e+04
2.987500e-03 2.543895e+04
3.000000e-03 2.542103e+04
3.012500e-03 2.540283e+04
3.025000e-03 2.538436e+04
3.037500e-03 2.536561e+04
3.050000e-03 2.534657e+04
3.062500e-03 2.532727e+04
3.075000e-03 2.530768e+04
3.087500e-03 2.528783e+04
3.100000e-03 2.526769e+04
3.112500e-03 2.524728e+04
3.125000e-03 2.522660e+04
3.137500e-03 2.520565e+04
3.150000e-03 2.518442e+04
3.162500e-03 2.516292e+04
3.175000e-03 2.514114e+04
3.187500e-03 2.511910e+04
3.200000e-03 2.509679e+04
3.212500e-03 2.507420e+04
3.225000e-03 2.505134e+04
3.237500e-03 2.502822e+04
3.250000e-03 2.500482e+04
3.262500e-03 2.498116e+04
3.275000e-03 2.495722e+04
3.287500e-03 2.493302e+04
3.300000e-03 2.490855e+04
3.312500e-03 2.488381e+04
3.325000e-03 2.485880e+04
3.337500e-03 2.483353e+04
3.350000e-03 2.480798e+04
3.362500e-03 2.478217e+04
3.375000e-03 2.475610e+04
3.387500e-03 2.472975e+04
3.400000e-03 2.470314e+04
3.412500e-03 2.467626e+04
3.425000e-03 2.464912e+04
3.437500e-03 2.462171e+04
3.450000e-03 2.459403e+04
3.462500e-03 2.456609e+04
3.475000e-03 2.453788e+04
3.487500e-03 2.450941e+04
3.500000e-03 2.448067e+04
3.512500e-03 2.445167e+04
3.525000e-03 2.442240e+04
3.537500e-03 2.439286e+04
3.550000e-03 2.436306e+04
3.562500e-03 2.433300e+04
3.575000e-03 2.430267e+04
3.587500e-03 2.427207e+04
3.600000e-03 2.424121e+04
3.612500e-03 2.421009e+04
3.625000e-03 2.417870e+04
3.637500e-03 2.414705e+04
3.650000e-03 2.411513e+04
3.662500e-03 2.408295e+04
3.675000e-03 2.405050e+04
3.687500e-03 2.401779e+04
3.700000e-03 2.398481e+04
3.712500e-03 2.395158e+04
3.725000e-03 2.391807e+04
3.737500e-03 2.388431e+04
3.750000e-03 2.385028e+04
3.762500e-03 2.381598e+04
3.775000e-03 2.378143e+04
3.787500e-03 2.374660e+04
3.800000e-03 2.371152e+04
3.812500e-03 2.367617e+04
3.825000e-03 2.364056e+04
3.837500e-03 2.360468e+04
3.850000e-03 2.356854e+04
3.862500e-03 2.353214e+04
3.875000e-03 2.349547e+04
3.887500e-03 2.345854e+04
3.900000e-03 2.342135e+04
3.912500e-03 2.338389e+04
3.925000e-03 2.334617e+04
3.937500e-03 2.330819e+04
3.950000e-03 2.326994e+04
3.962500e-03 2.323143e+04
3.975000e-03 2.319266e+04
3.987500e-03 2.315362e+04
4.000000e-03 2.311432e+04
4.012500e-03 2.313371e+04
4.025000e-03 2.315284e+04
4.037500e-03 2.317171e+04
4.050000e-03 2.319031e+04
4.062500e-03 2.320865e+04
4.075000e-03 2.322673e+04
4.087500e-03 2.324454e+04
4.100000e-03 2.326209e+04
4.112500e-03 2.327938e+04
4.125000e-03 2.329640e+04
4.137500e-03 2.331316e+04
4.150000e-03 2.332966e+04
4.162500e-03 2.334590e+04
4.175000e-03 2.336187e+04
4.187500e-03 2.337758e+04
4.200000e-03 2.339303e+04
4.212500e-03 2.340821e+04
4.225000e-03 2.342313e+04
4.237500e-03 2.343779e+04
4.250000e-03 2.345218e+04
4.262500e-03 2.346632e+04
4.275000e-03 2.348018e+04
4.287500e-03 2.349379e+04
4.300000e-03 2.350713e+04
4.312500e-03 2.352022e+04
4.325000e-03 2.353303e+04
4.337500e-03 2.354559e+04
4.350000e-03 2.355788e+04
4.362500e-03 2.356991e+04
4.375000e-03 2.358168e+04
4.387500e-03 2.359318e+04
4.400000e-03 2.360442e+04
4.412500e-03 2.361540e+04
4.425000e-03 2.362611e+04
4.437500e-03 2.363657e+04
4.450000e-03 2.364676e+04
4.462500e-03 2.365668e+04
4.475000e-03 2.366635e+04
4.487500e-03 2.367575e+04
4.500000e-03 2.368489e+04
4.512500e-03 2.369377e+04
4.525000e-03 2.370238e+04
4.537500e-03 2.371073e+04
4.550000e-03 2.371882e+04
4.562500e-03 2.372664e+04
4.575000e-03 2.373421e+04
4.587500e-03 2.374151e+04
4.600000e-03 2.374854e+04
4.612500e-03 2.375532e+04
4.625000e-03 2.376183e+04
4.637500e-03 2.376808e+04
4.650000e-03 2.377406e+04
4.662500e-03 2.377979e+04
4.675000e-03 2.378525e+04
4.687500e-03 2.379045e+04
4.700000e-03 2.379538e+04
4.712500e-03 2.380005e+04
4.725000e-03 2.380446e+04
4.737500e-03 2.380861e+04
4.750000e-03 2.381250e+04
4.762500e-03 2.381612e+04
4.775000e-03 2.381948e+04
4.787500e-03 2.382257e+04
4.800000e-03 2.382541e+04
4.812500e-03 2.382798e+04
4.825000e-03 2.383029e+04
4.837500e-03 2.383233e+04
4.850000e-03 2.383412e+04
4.862500e-03 2.383564e+04
4.875000e-03 2.383690e+04
4.887500e-03 2.383789e+04
4.900000e-03 2.383862e+04
4.912500e-03 2.383909e+04
4.925000e-03 2.383832e+04
4.937500e-03 2.381818e+04
4.950000e-03 2.379804e+04
4.962500e-03 2.377791e+04
4.975000e-03 2.375777e+04
4.987500e-03 2.373763e+04
5.000000e-03 2.371750e+04
5.012500e-03 2.369736e+04
5.025000e-03 2.367722e+04
5.037500e-03 2.365709e+04
5.050000e-03 2.363695e+04
5.062500e-03 2.361681e+04
5.075000e-03 2.359668e+04
5.087500e-03 2.357654e+04
5.100000e-03 2.355640e+04
5.112500e-03 2.353627e+04
5.125000e-03 2.351613e+04
5.137500e-03 2.349599e+04
5.150000e-03 2.347586e+04
5.162500e-03 2.345572e+04
5.175000e-03 2.343558e+04
5.187500e-03 2.341545e+04
5.200000e-03 2.339531e+04
5.212500e-03 2.337517e+04
5.225000e-03 2.335503e+04
5.237500e-03 2.333490e+04
5.250000e-03 2.331476e+04
5.262500e-03 2.329462e+04
5.275000e-03 2.327449e+04
5.287500e-03 2.325435e+04
5.300000e-03 2.323421e+04
5.312500e-03 2.321408e+04
5.325000e-03 2.319394e+04
5.337500e-03 2.317380e+04
5.350000e-03 2.315366e+04
5.362500e-03 2.313353e+04
5.375000e-03 2.311339e+04
5.387500e-03 2.309325e+04
5.400000e-03 2.307311e+04
5.412500e-03 2.305298e+04
5.425000e-03 2.303284e+04
5.437500e-03 2.301270e+04
5.450000e-03 2.299257e+04
5.462500e-03 2.297243e+04
5.475000e-03 2.295229e+04
5.487500e-03 2.293215e+04
5.500000e-03 2.291202e+04
5.512500e-03 2.289188e+04
5.525000e-03 2.287174e+04
5.537500e-03 2.285160e+04
5.550000e-03 2.283147e+04
5.562500e-03 2.281133e+04
5.575000e-03 2.279119e+04
5.587500e-03 2.277105e+04
5.600000e-03 2.275092e+04
5.612500e-03 2.273078e+04
5.625000e-03 2.271064e+04
5.637500e-03 2.269050e+04
5.650000e-03 2.267037e+04
5.662500e-03 2.265023e+04
5.675000e-03 2.263009e+04
5.687500e-03 2.260995e+04
5.700000e-03 2.258982e+04
5.712500e-03 2.256968e+04
5.725000e-03 2.254954e+04
5.737500e-03 2.252940e+04
5.750000e-03 2.250927e+04
5.762500e-03 2.248913e+04
5.775000e-03 2.246899e+04
5.787500e-03 2.244885e+04
5.800000e-03 2.242872e+04
5.812500e-03 2.240858e+04
5.825000e-03 2.238844e+04
5.837500e-03 2.236830e+04
5.850000e-03 2.234817e+04
5.862500e-03 2.232803e+04
5.875000e-03 2.230789e+04
5.887500e-03 2.228775e+04
5.900000e-03 2.226762e+04
5.912500e-03 2.224748e+04
5.925000e-03 2.222734e+04
5.937500e-03 2.220720e+04
5.950000e-03 2.218707e+04
5.962500e-03 2.216693e+04
5.975000e-03 2.214679e+04
5.987500e-03 2.212665e+04
6.000000e-03 2.210652e+04
6.012500e-03 2.208638e+04
6.025000e-03 2.206624e+04
6.037500e-03 2.204610e+04
6.050000e-03 2.202597e+04
6.062500e-03 2.200583e+04
6.075000e-03 2.198569e+04
6.087500e-03 2.196555e+04
6.100000e-03 2.194542e+04
6.112500e-03 2.192528e+04
6.125000e-03 2.190514e+04
6.137500e-03 2.188500e+04
6.150000e-03 2.186486e+04
6.162500e-03 2.184473e+04
6.175000e-03 2.182459e+04
6.187500e-03 2.180445e+04
6.200000e-03 2.178431e+04
6.212500e-03 2.176418e+04
6.225000e-03 2.174404e+04
6.237500e-03 2.172390e+04
6.250000e-03 2.170376e+04
6.262500e-03 2.168363e+04
6.275000e-03 2.166349e+04
6.287500e-03 2.164335e+04
6.300000e-03 2.162321e+04
6.312500e-03 2.160308e+04
6.325000e-03 2.158294e+04
6.337500e-03 2.156280e+04
6.350000e-03 2.154266e+04
6.362500e-03 2.152253e+04
6.375000e-03 2.150239e+04
6.387500e-03 2.148225e+04
6.400000e-03 2.146211e+04
6.412500e-03 2.144198e+04
6.425000e-03 2.142184e+04
6.437500e-03 2.140170e+04
6.450000e-03 2.138156e+04
6.462500e-03 2.136143e+04
6.475000e-03 2.134129e+04
6.487500e-03 2.132115e+04
6.500000e-03 2.130101e+04
6.512500e-03 2.128088e+04
6.525000e-03 2.126074e+04
6.537500e-03 2.124060e+04
6.550000e-03 2.122046e+04
6.562500e-03 2.120032e+04
6.575000e-03 2.118019e+04
6.587500e-03 2.116005e+04
6.600000e-03 2.113991e+04
6.612500e-03 2.111977e+04
6.625000e-03 2.109964e+04
6.637500e-03 2.107950e+04
6.650000e-03 2.105936e+04
6.662500e-03 2.103922e+04
6.675000e-03 2.101909e+04
6.687500e-03 2.099895e+04
6.700000e-03 2.097881e+04
6.712500e-03 2.095867e+04
6.725000e-03 2.093854e+04
6.737500e-03 2.091840e+04
6.750000e-03 2.089826e+04
6.762500e-03 2.087812e+04
6.775000e-03 2.085799e+04
6.787500e-03 2.083785e+04
6.800000e-03 2.081771e+04
6.812500e-03 2.079757e+04
6.825000e-03 2.077744e+04
6.837500e-03 2.075730e+04
6.850000e-03 2.073716e+04
6.862500e-03 2.071702e+04
6.875000e-03 2.069689e+04
6.887500e-03 2.067675e+04
6.900000e-03 2.065661e+04
6.912500e-03 2.063647e+04
6.925000e-03 2.061634e+04
6.937500e-03 2.059620e+04
6.950000e-03 2.057606e+04
6.962500e-03 2.055592e+04
6.975000e-03 2.053579e+04
6.987500e-03 2.051565e+04
7.000000e-03 2.049551e+04
7.012500e-03 2.047537e+04
7.025000e-03 2.045524e+04
7.037500e-03 2.043510e+04
7.050000e-03 2.041496e+04
7.062500e-03 2.039482e+04
7.075000e-03 2.037469e+04
7.087500e-03 2.035455e+04
7.100000e-03 2.033441e+04
7.112500e-03 2.031427e+04
7.125000e-03 2.029414e+04
7.137500e-03 2.027400e+04
7.150000e-03 2.025386e+04
7.162500e-03 2.023372e+04
7.175000e-03 2.021359e+04
7.187500e-03 2.019345e+04
7.200000e-03 2.017331e+04
7.212500e-03 2.015317e+04
7.225000e-03 2.013304e+04
7.237500e-03 2.011290e+04
7.250000e-03 2.009276e+04
7.262500e-03 2.007262e+04
7.275000e-03 2.005249e+04
7.287500e-03 2.003235e+04
7.300000e-03 2.001221e+04
7.312500e-03 1.999207e+04
7.325000e-03 1.997194e+04
7.337500e-03 1.995180e+04
7.350000e-03 1.993166e+04
7.362500e-03 1.991152e+04
7.375000e-03 1.989139e+04
7.387500e-03 1.987125e+04
7.400000e-03 1.985111e+04
7.412500e-03 1.983097e+04
7.425000e-03 1.981084e+04
7.437500e-03 1.979070e+04
7.450000e-03 1.977056e+04
7.462500e-03 1.975042e+04
7.475000e-03 1.973029e+04
7.487500e-03 1.971015e+04
7.500000e-03 1.969001e+04
7.512500e-03 1.966988e+04
7.525000e-03 1.964974e+04
7.537500e-03 1.962960e+04
7.550000e-03 1.960946e+04
7.562500e-03 1.958933e+04
7.575000e-03 1.956919e+04
7.587500e-03 1.954905e+04
7.600000e-03 1.952891e+04
7.612500e-03 1.950878e+04
7.625000e-03 1.948864e+04
7.637500e-03 1.946850e+04
7.650000e-03 1.944836e+04
7.662500e-03 1.942823e+04
7.675000e-03 1.940809e+04
7.687500e-03 1.938795e+04
7.700000e-03 1.936781e+04
7.712500e-03 1.934768e+04
7.725000e-03 1.932754e+04
7.737500e-03 1.930740e+04
7.750000e-03 1.928726e+04
7.762500e-03 1.926713e+04
7.775000e-03 1.924699e+04
7.787500e-03 1.922685e+04
7.800000e-03 1.920672e+04
7.812500e-03 1.918658e+04
7.825000e-03 1.916644e+04
7.837500e-03 1.914630e+04
7.850000e-03 1.912617e+04
7.862500e-03 1.910603e+04
7.875000e-03 1.908589e+04
7.887500e-03 1.906575e+04
7.900000e-03 1.904562e+04
7.912500e-03 1.902548e+04
7.925000e-03 1.900534e+04
7.937500e-03 1.898520e+04
7.950000e-03 1.896507e+04
7.962500e-03 1.894493e+04
7.975000e-03 1.892479e+04
7.987500e-03 1.890466e+04
8.000000e-03 1.888452e+04
8.012500e-03 1.886438e+04
8.025000e-03 1.884424e+04
8.037500e-03 1.882411e+04
8.050000e-03 1.880397e+04
8.062500e-03 1.878383e+04
8.075000e-03 1.876369e+04
8.087500e-03 1.874356e+04
8.100000e-03 1.872342e+04
8.112500e-03 1.870328e+04
8.125000e-03 1.868315e+04
8.137500e-03 1.866301e+04
8.150000e-03 1.864287e+04
8.162500e-03 1.862273e+04
8.175000e-03 1.860260e+04
8.187500e-03 1.858246e+04
8.200000e-03 1.856232e+04
8.212500e-03 1.854218e+04
8.225000e-03 1.852205e+04
8.237500e-03 1.850191e+04
8.250000e-03 1.848177e+04
8.262500e-03 1.846164e+04
8.275000e-03 1.844150e+04
8.287500e-03 1.842136e+04
8.300000e-03 1.840122e+04
8.312500e-03 1.838109e+04
8.325000e-03 1.836095e+04
8.337500e-03 1.834081e+04
8.350000e-03 1.832067e+04
8.362500e-03 1.830054e+04
8.375000e-03 1.828040e+04
8.387500e-03 1.826026e+04
8.400000e-03 1.824013e+04
8.412500e-03 1.821999e+04
8.425000e-03 1.819985e+04
8.437500e-03 1.817971e+04
8.450000e-03 1.815958e+04
8.462500e-03 1.813944e+04
8.475000e-03 1.811930e+04
8.487500e-03 1.809917e+04
8.500000e-03 1.807903e+04
8.512500e-03 1.805889e+04
8.525000e-03 1.803875e+04
8.537500e-03 1.801862e+04
8.550000e-03 1.799848e+04
8.562500e-03 1.797834e+04
8.575000e-03 1.795820e+04
8.587500e-03 1.793807e+04
8.600000e-03 1.791793e+04
8.612500e-03 1.789779e+04
8.625000e-03 1.787766e+04
8.637500e-03 1.785752e+04
8.650000e-03 1.783738e+04
8.662500e-03 1.781724e+04
8.675000e-03 1.779711e+04
8.687500e-03 1.777697e+04
8.700000e-03 1.775683e+04
8.712500e-03 1.773670e+04
8.725000e-03 1.771656e+04
8.737500e-03 1.769642e+04
8.750000e-03 1.767628e+04
8.762500e-03 1.765615e+04
8.775000e-03 1.763601e+04
8.787500e-03 1.761587e+04
8.800000e-03 1.759574e+04
8.812500e-03 1.757560e+04
8.825000e-03 1.755546e+04
8.837500e-03 1.753532e+04
8.850000e-03 1.751519e+04
8.862500e-03 1.749505e+04
8.875000e-03 1.747491e+04
8.887500e-03 1.745478e+04
8.900000e-03 1.743464e+04
8.912500e-03 1.741450e+04
8.925000e-03 1.739436e+04
8.937500e-03 1.737423e+04
8.950000e-03 1.735409e+04
8.962500e-03 1.733395e+04
8.975000e-03 1.731382e+04
8.987500e-03 1.729368e+04
9.000000e-03 1.727354e+04
9.012500e-03 1.725340e+04
9.025000e-03 1.723327e+04
9.037500e-03 1.721313e+04
9.050000e-03 1.719299e+04
9.062500e-03 1.717286e+04
9.075000e-03 1.715272e+04
9.087500e-03 1.713258e+04
9.100000e-03 1.711245e+04
9.112500e-03 1.709231e+04
9.125000e-03 1.707217e+04
9.137500e-03 1.705203e+04
9.150000e-03 1.703190e+04
9.162500e-03 1.701176e+04
9.175000e-03 1.699162e+04
9.187500e-03 1.697149e+04
9.200000e-03 1.695135e+04
9.212500e-03 1.693121e+04
9.225000e-03 1.691107e+04
9.237500e-03 1.689094e+04
9.250000e-03 1.687080e+04
9.262500e-03 1.685066e+04
9.275000e-03 1.683053e+04
9.287500e-03 1.681039e+04
9.300000e-03 1.679025e+04
9.312500e-03 1.677012e+04
9.325000e-03 1.674998e+04
9.337500e-03 1.672984e+04
9.350000e-03 1.670970e+04
9.362500e-03 1.668957e+04
9.375000e-03 1.666943e+04
9.387500e-03 1.664929e+04
9.400000e-03 1.662916e+04
9.412500e-03 1.660902e+04
9.425000e-03 1.658888e+04
9.437500e-03 1.656875e+04
9.450000e-03 1.654861e+04
9.462500e-03 1.652847e+04
9.475000e-03 1.650833e+04
9.487500e-03 1.648820e+04
9.500000e-03 1.646806e+04
9.512500e-03 1.644792e+04
9.525000e-03 1.642779e+04
9.537500e-03 1.640765e+04
9.550000e-03 1.638751e+04
9.562500e-03 1.636738e+04
9.575000e-03 1.634724e+04
9.587500e-03 1.632710e+04
9.600000e-03 1.630696e+04
9.612500e-03 1.628683e+04
9.625000e-03 1.626669e+04
9.637500e-03 1.624655e+04
9.650000e-03 1.622642e+04
9.662500e-03 1.620628e+04
9.675000e-03 1.618614e+04
9.687500e-03 1.616601e+04
9.700000e-03 1.614587e+04
9.712500e-03 1.612573e+04
9.725000e-03 1.610560e+04
9.737500e-03 1.608546e+04
9.750000e-03 1.606532e+04
9.762500e-03 1.604518e+04
9.775000e-03 1.602505e+04
9.787500e-03 1.600491e+04
9.800000e-03 1.598477e+04
9.812500e-03 1.596464e+04
9.825000e-03 1.594450e+04
9.837500e-03 1.592436e+04
9.850000e-03 1.590423e+04
9.862500e-03 1.588409e+04
9.875000e-03 1.586395e+04
9.887500e-03 1.584382e+04
9.900000e-03 1.582368e+04
9.912500e-03 1.580354e+04
9.925000e-03 1.578340e+04
9.937500e-03 1.576327e+04
9.950000e-03 1.574313e+04
9.962500e-03 1.572299e+04
9.975000e-03 1.570286e+04
9.987500e-03 1.568272e+04
1.000000e-02 1.566258e+04
1.001250e-02 1.564245e+04
1.002500e-02 1.562231e+04
1.003750e-02 1.560217e+04
1.005000e-02 1.558204e+04
1.006250e-02 1.556190e+04
1.007500e-02 1.554176e+04
1.008750e-02 1.552163e+04
1.010000e-02 1.550149e+04
1.011250e-02 1.548135e+04
1.012500e-02 1.546121e+04
1.013750e-02 1.544108e+04
1.015000e-02 1.542094e+04
1.016250e-02 1.540080e+04
1.017500e-02 1.538067e+04
1.018750e-02 1.536053e+04
1.020000e-02 1.534039e+04
1.021250e-02 1.532026e+04
1.022500e-02 1.530012e+04
1.023750e-02 1.527998e+04
1.025000e-02 1.525985e+04
1.026250e-02 1.523971e+04
1.027500e-02 1.521957e+04
1.028750e-02 1.519944e+04
1.030000e-02 1.517930e+04
1.031250e-02 1.515916e+04
1.032500e-02 1.513903e+04
1.033750e-02 1.511889e+04
1.035000e-02 1.509875e+04
1.036250e-02 1.507862e+04
1.037500e-02 1.505848e+04
1.038750e-02 1.503834e+04
1.040000e-02 1.501820e+04
1.041250e-02 1.499807e+04
1.042500e-02 1.497793e+04
1.043750e-02 1.495779e+04
1.045000e-02 1.493766e+04
1.046250e-02 1.491752e+04
1.047500e-02 1.489738e+04
1.048750e-02 1.487725e+04
1.050000e-02 1.485711e+04
1.051250e-02 1.483697e+04
1.052500e-02 1.481684e+04
1.053750e-02 1.479670e+04
1.055000e-02 1.477656e+04
1.056250e-02 1.475643e+04
1.057500e-02 1.473629e+04
1.058750e-02 1.471615e+04
1.060000e-02 1.469602e+04
1.061250e-02 1.467588e+04
1.062500e-02 1.465574e+04
1.063750e-02 1.463561e+04
1.065000e-02 1.461547e+04
1.066250e-02 1.459533e+04
1.067500e-02 1.457520e+04
1.068750e-02 1.455506e+04
1.070000e-02 1.453492e+04
1.071250e-02 1.451479e+04
1.072500e-02 1.449465e+04
1.073750e-02 1.447451e+04
1.075000e-02 1.445438e+04
1.076250e-02 1.443424e+04
1.077500e-02 1.441410e+04
1.078750e-02 1.439397e+04
1.080000e-02 1.437383e+04
1.081250e-02 1.435369e+04
1.082500e-02 1.433356e+04
1.083750e-02 1.431342e+04
1.085000e-02 1.429328e+04
1.086250e-02 1.427315e+04
1.087500e-02 1.425301e+04
1.088750e-02 1.423287e+04
1.090000e-02 1.421274e+04
1.091250e-02 1.419260e+04
1.092500e-02 1.417246e+04
1.093750e-02 1.415233e+04
1.095000e-02 1.413219e+04
1.096250e-02 1.411205e+04
1.097500e-02 1.409192e+04
1.098750e-02 1.407178e+04
1.100000e-02 1.405164e+04
1.101250e-02 1.403151e+04
1.102500e-02 1.401137e+04
1.103750e-02 1.399123e+04
1.105000e-02 1.397110e+04
1.106250e-02 1.395096e+04
1.107500e-02 1.393082e+04
1.108750e-02 1.391069e+04
1.110000e-02 1.389055e+04
1.111250e-02 1.387041e+04
1.112500e-02 1.385028e+04
1.113750e-02 1.383014e+04
1.115000e-02 1.381000e+04
1.116250e-02 1.378987e+04
1.117500e-02 1.376973e+04
1.118750e-02 1.374959e+04
1.120000e-02 1.372946e+04
1.121250e-02 1.370932e+04
1.122500e-02 1.368918e+04
1.123750e-02 1.366905e+04
1.125000e-02 1.364891e+04
1.126250e-02 1.362877e+04
1.127500e-02 1.360864e+04
1.128750e-02 1.358850e+04
1.130000e-02 1.356836e+04
1.131250e-02 1.354823e+04
1.132500e-02 1.352809e+04
1.133750e-02 1.350795e+04
1.135000e-02 1.348782e+04
1.136250e-02 1.346768e+04
1.137500e-02 1.344754e+04
1.138750e-02 1.342741e+04
1.140000e-02 1.340727e+04
1.141250e-02 1.338713e+04
1.142500e-02 1.336700e+04
1.143750e-02 1.334686e+04
1.145000e-02 1.332672e+04
1.146250e-02 1.330659e+04
1.147500e-02 1.328645e+04
1.148750e-02 1.326632e+04
1.150000e-02 1.324618e+04
1.151250e-02 1.322604e+04
1.152500e-02 1.320591e+04
1.153750e-02 1.318577e+04
1.155000e-02 1.316563e+04
1.156250e-02 1.314550e+04
1.157500e-02 1.312536e+04
1.158750e-02 1.310522e+04
1.160000e-02 1.308509e+04
1.161250e-02 1.306495e+04
1.162500e-02 1.304481e+04
1.163750e-02 1.302468e+04
1.165000e-02 1.300454e+04
1.166250e-02 1.298440e+04
1.167500e-02 1.296427e+04
1.168750e-02 1.294413e+04
1.170000e-02 1.292399e+04
1.171250e-02 1.290386e+04
1.172500e-02 1.288372e+04
1.173750e-02 1.286358e+04
1.175000e-02 1.284345e+04
1.176250e-02 1.282331e+04
1.177500e-02 1.280318e+04
1.178750e-02 1.278304e+04
1.180000e-02 1.276290e+04
1.181250e-02 1.274277e+04
1.182500e-02 1.272263e+04
1.183750e-02 1.270249e+04
1.185000e-02 1.268236e+04
1.186250e-02 1.266222e+04
1.187500e-02 1.264208e+04
1.188750e-02 1.262195e+04
1.190000e-02 1.260181e+04
1.191250e-02 1.258167e+04
1.192500e-02 1.256154e+04
1.193750e-02 1.254140e+04
1.195000e-02 1.252126e+04
1.196250e-02 1.250113e+04
1.197500e-02 1.248099e+04
1.198750e-02 1.246086e+04
1.200000e-02 1.244072e+04
1.201250e-02 1.242058e+04
1.202500e-02 1.240045e+04
1.203750e-02 1.238031e+04
1.205000e-02 1.236017e+04
1.206250e-02 1.234004e+04
1.207500e-02 1.231990e+04
1.208750e-02 1.229976e+04
1.210000e-02 1.227963e+04
1.211250e-02 1.225949e+04
1.212500e-02 1.223936e+04
1.213750e-02 1.221922e+04
1.215000e-02 1.219908e+04
1.216250e-02 1.217895e+04
1.217500e-02 1.215881e+04
1.218750e-02 1.213867e+04
1.220000e-02 1.211854e+04
1.221250e-02 1.209840e+04
1.222500e-02 1.207826e+04
1.223750e-02 1.205813e+04
1.225000e-02 1.203799e+04
1.226250e-02 1.201785e+04
1.227500e-02 1.199772e+04
1.228750e-02 1.197758e+04
1.230000e-02 1.195745e+04
1.231250e-02 1.193731e+04
1.232500e-02 1.191717e+04
1.233750e-02 1.189704e+04
1.235000e-02 1.187690e+04
1.236250e-02 1.185676e+04
1.237500e-02 1.183663e+04
1.238750e-02 1.181649e+04
1.240000e-02 1.179636e+04
1.241250e-02 1.177622e+04
1.242500e-02 1.175608e+04
1.243750e-02 1.173595e+04
1.245000e-02 1.171581e+04
1.246250e-02 1.169567e+04
1.247500e-02 1.167554e+04
1.248750e-02 1.165540e+04
1.250000e-02 1.163526e+04
