9.18154e+06 -1.29847e+07 -1.49012e-08
1.04281e+07 -1.47475e+07 2.98023e-08
8.17654e+06 -1.15634e+07 0
4.93146e+06 -6.97414e+06 1.49012e-08
4.62876e+06 -6.54605e+06 1.49012e-08
4.66929e+06 -6.60338e+06 -1.49012e-08
4.70983e+06 -6.6607e+06 -4.47035e-08
4.75037e+06 -6.71803e+06 -4.47035e-08
4.7909e+06 -6.77536e+06 -1.49012e-08
4.83144e+06 -6.83269e+06 -1.49012e-08
4.87198e+06 -6.89001e+06 -1.49012e-08
4.91251e+06 -6.94734e+06 -1.49012e-08
4.95305e+06 -7.00467e+06 0
4.99359e+06 -7.062e+06 -4.47035e-08
5.03412e+06 -7.11932e+06 -1.49012e-08
5.07466e+06 -7.17665e+06 1.49012e-08
5.11519e+06 -7.23398e+06 2.98023e-08
5.15573e+06 -7.29131e+06 -1.49012e-08
5.19627e+06 -7.34863e+06 -4.47035e-08
5.2368e+06 -7.40596e+06 -4.47035e-08
5.27734e+06 -7.46329e+06 0
5.31788e+06 -7.52062e+06 0
5.35841e+06 -7.57794e+06 -2.98023e-08
5.39895e+06 -7.63527e+06 0
5.43949e+06 -7.6926e+06 -2.98023e-08
5.48002e+06 -7.74992e+06 0
5.52056e+06 -7.80725e+06 0
5.5611e+06 -7.86458e+06 -2.98023e-08
5.60163e+06 -7.92191e+06 -2.98023e-08
5.64217e+06 -7.97923e+06 0
5.68271e+06 -8.03656e+06 0
5.72324e+06 -8.09389e+06 -2.98023e-08
5.76378e+06 -8.15122e+06 -2.98023e-08
5.80432e+06 -8.20854e+06 -2.98023e-08
5.84485e+06 -8.26587e+06 0
5.88539e+06 -8.3232e+06 -2.98023e-08
5.92593e+06 -8.38053e+06 0
5.96646e+06 -8.43785e+06 -2.98023e-08
6.007e+06 -8.49518e+06 0
6.04754e+06 -8.55251e+06 -2.98023e-08
6.08807e+06 -8.60984e+06 -2.98023e-08
6.12861e+06 -8.66716e+06 -2.98023e-08
6.16915e+06 -8.72449e+06 -2.98023e-08
6.20968e+06 -8.78182e+06 -2.98023e-08
6.25022e+06 -8.83915e+06 -2.98023e-08
6.29076e+06 -8.89647e+06 0
6.33129e+06 -8.9538e+06 -2.98023e-08
6.37183e+06 -9.01113e+06 -2.98023e-08
6.41237e+06 -9.06846e+06 -2.98023e-08
6.4529e+06 -9.12578e+06 2.98023e-08
6.49344e+06 -9.18311e+06 -2.98023e-08
6.53398e+06 -9.24044e+06 0
6.57451e+06 -9.29776e+06 0
6.61505e+06 -9.35509e+06 0
6.65559e+06 -9.41242e+06 0
6.69612e+06 -9.46975e+06 -2.98023e-08
6.73666e+06 -9.52707e+06 -2.98023e-08
6.7772e+06 -9.5844e+06 -2.98023e-08
6.81773e+06 -9.64173e+06 -2.98023e-08
6.85827e+06 -9.69906e+06 0
6.89881e+06 -9.75638e+06 0
6.93934e+06 -9.81371e+06 0
6.97988e+06 -9.87104e+06 0
7.02042e+06 -9.92837e+06 2.98023e-08
7.06095e+06 -9.98569e+06 2.98023e-08
7.10149e+06 -1.0043e+07 -2.98023e-08
7.14202e+06 -1.01003e+07 2.98023e-08
7.18256e+06 -1.01577e+07 -2.98023e-08
7.2231e+06 -1.0215e+07 0
7.26363e+06 -1.02723e+07 0
7.30417e+06 -1.03297e+07 -2.98023e-08
7.34471e+06 -1.0387e+07 -2.98023e-08
7.38524e+06 -1.04443e+07 -8.9407e-08
7.42578e+06 -1.05016e+07 -2.98023e-08
7.46632e+06 -1.0559e+07 2.98023e-08
7.50685e+06 -1.06163e+07 -2.98023e-08
7.54739e+06 -1.06736e+07 -2.98023e-08
7.58793e+06 -1.07309e+07 5.96046e-08
7.62846e+06 -1.07883e+07 -8.9407e-08
7.669e+06 -1.08456e+07 2.98023e-08
7.70954e+06 -1.09029e+07 -8.9407e-08
7.75007e+06 -1.09603e+07 2.98023e-08
7.79061e+06 -1.10176e+07 2.98023e-08
7.83115e+06 -1.10749e+07 -2.98023e-08
7.87168e+06 -1.11322e+07 2.98023e-08
7.91222e+06 -1.11896e+07 -2.98023e-08
7.95276e+06 -1.12469e+07 0
7.99329e+06 -1.13042e+07 2.98023e-08
8.03383e+06 -1.13616e+07 -2.98023e-08
8.07437e+06 -1.14189e+07 0
8.1149e+06 -1.14762e+07 8.9407e-08
8.15544e+06 -1.15335e+07 -2.98023e-08
8.19598e+06 -1.15909e+07 -2.98023e-08
8.23651e+06 -1.16482e+07 2.98023e-08
8.27705e+06 -1.17055e+07 -2.98023e-08
8.31759e+06 -1.17628e+07 -2.98023e-08
8.35812e+06 -1.18202e+07 -8.9407e-08
8.39866e+06 -1.18775e+07 2.98023e-08
8.4392e+06 -1.19348e+07 0
8.47973e+06 -1.19922e+07 -8.9407e-08
8.52027e+06 -1.20495e+07 -2.98023e-08
8.56081e+06 -1.21068e+07 -2.98023e-08
8.60134e+06 -1.21641e+07 -8.9407e-08
8.64188e+06 -1.22215e+07 0
8.68242e+06 -1.22788e+07 0
8.72295e+06 -1.23361e+07 -5.96046e-08
8.76349e+06 -1.23934e+07 -5.96046e-08
8.80403e+06 -1.24508e+07 -5.96046e-08
8.84456e+06 -1.25081e+07 -5.96046e-08
8.8851e+06 -1.25654e+07 -5.96046e-08
8.92564e+06 -1.26228e+07 0
8.96617e+06 -1.26801e+07 0
9.00671e+06 -1.27374e+07 0
9.04724e+06 -1.27947e+07 5.96046e-08
9.08778e+06 -1.28521e+07 5.96046e-08
9.12832e+06 -1.29094e+07 0
9.16885e+06 -1.29667e+07 5.96046e-08
9.20939e+06 -1.3024e+07 5.96046e-08
9.24993e+06 -1.30814e+07 5.96046e-08
9.29046e+06 -1.31387e+07 -5.96046e-08
9.331e+06 -1.3196e+07 0
9.37154e+06 -1.32534e+07 0
9.41207e+06 -1.33107e+07 -5.96046e-08
9.45261e+06 -1.3368e+07 -5.96046e-08
9.49315e+06 -1.34253e+07 0
9.53368e+06 -1.34827e+07 -5.96046e-08
9.57422e+06 -1.354e+07 -5.96046e-08
9.61476e+06 -1.35973e+07 0
9.65529e+06 -1.36546e+07 0
9.69583e+06 -1.3712e+07 0
9.73637e+06 -1.37693e+07 0
9.7769e+06 -1.38266e+07 5.96046e-08
9.81744e+06 -1.3884e+07 5.96046e-08
9.85798e+06 -1.39413e+07 0
9.89851e+06 -1.39986e+07 5.96046e-08
9.93905e+06 -1.40559e+07 0
9.97959e+06 -1.41133e+07 0
1.00201e+07 -1.41706e+07 0
1.00607e+07 -1.42279e+07 0
1.01012e+07 -1.42852e+07 0
1.01417e+07 -1.43426e+07 -5.96046e-08
1.01823e+07 -1.43999e+07 0
1.02228e+07 -1.44572e+07 0
1.02633e+07 -1.45146e+07 0
1.03039e+07 -1.45719e+07 -5.96046e-08
1.03444e+07 -1.46292e+07 -5.96046e-08
1.0385e+07 -1.46865e+07 0
1.04255e+07 -1.47439e+07 0
1.0466e+07 -1.48012e+07 0
1.05066e+07 -1.48585e+07 5.96046e-08
1.05471e+07 -1.49159e+07 0
1.05876e+07 -1.49732e+07 5.96046e-08
1.06282e+07 -1.50305e+07 5.96046e-08
1.06687e+07 -1.50878e+07 5.96046e-08
1.07092e+07 -1.51452e+07 5.96046e-08
1.07498e+07 -1.52025e+07 0
1.07903e+07 -1.52598e+07 0
1.08309e+07 -1.53171e+07 0
1.08714e+07 -1.53745e+07 -5.96046e-08
1.09119e+07 -1.54318e+07 -5.96046e-08
1.09525e+07 -1.54891e+07 -5.96046e-08
1.0993e+07 -1.55465e+07 -5.96046e-08
1.10335e+07 -1.56038e+07 -5.96046e-08
1.10741e+07 -1.56611e+07 -5.96046e-08
1.11146e+07 -1.57184e+07 5.96046e-08
1.11551e+07 -1.57758e+07 5.96046e-08
1.11957e+07 -1.58331e+07 5.96046e-08
1.12362e+07 -1.58904e+07 5.96046e-08
1.12768e+07 -1.59477e+07 5.96046e-08
1.13173e+07 -1.60051e+07 5.96046e-08
1.13578e+07 -1.60624e+07 5.96046e-08
1.13984e+07 -1.61197e+07 5.96046e-08
1.14389e+07 -1.61771e+07 5.96046e-08
1.14794e+07 -1.62344e+07 0
1.152e+07 -1.62917e+07 0
1.15605e+07 -1.6349e+07 0
1.16011e+07 -1.64064e+07 -5.96046e-08
1.16416e+07 -1.64637e+07 -5.96046e-08
1.16821e+07 -1.6521e+07 -5.96046e-08
1.17227e+07 -1.65783e+07 -5.96046e-08
1.17632e+07 -1.66357e+07 -5.96046e-08
1.18037e+07 -1.6693e+07 -5.96046e-08
1.18443e+07 -1.67503e+07 -5.96046e-08
1.18848e+07 -1.68077e+07 -5.96046e-08
1.19253e+07 -1.6865e+07 1.78814e-07
1.19659e+07 -1.69223e+07 0
1.20064e+07 -1.69796e+07 -5.96046e-08
1.2047e+07 -1.7037e+07 -5.96046e-08
1.20875e+07 -1.70943e+07 1.78814e-07
1.2128e+07 -1.71516e+07 -5.96046e-08
1.21686e+07 -1.72089e+07 -5.96046e-08
1.22091e+07 -1.72663e+07 0
1.22496e+07 -1.73236e+07 -1.78814e-07
1.22902e+07 -1.73809e+07 5.96046e-08
1.23307e+07 -1.74383e+07 5.96046e-08
1.23712e+07 -1.74956e+07 -1.78814e-07
1.24118e+07 -1.75529e+07 0
1.24523e+07 -1.76102e+07 5.96046e-08
1.24929e+07 -1.76676e+07 -1.78814e-07
1.25334e+07 -1.77249e+07 5.96046e-08
1.25739e+07 -1.77822e+07 5.96046e-08
1.26145e+07 -1.78395e+07 -1.78814e-07
1.2655e+07 -1.78969e+07 -1.19209e-07
1.26955e+07 -1.79542e+07 0
1.27361e+07 -1.80115e+07 -5.96046e-08
1.27766e+07 -1.80689e+07 5.96046e-08
1.28171e+07 -1.81262e+07 1.78814e-07
1.28577e+07 -1.81835e+07 -5.96046e-08
1.28982e+07 -1.82408e+07 1.78814e-07
1.29388e+07 -1.82982e+07 5.96046e-08
1.29793e+07 -1.83555e+07 -1.78814e-07
1.30198e+07 -1.84128e+07 -5.96046e-08
1.30604e+07 -1.84701e+07 -5.96046e-08
1.31009e+07 -1.85275e+07 0
1.31414e+07 -1.85848e+07 1.19209e-07
1.3182e+07 -1.86421e+07 5.96046e-08
1.32225e+07 -1.86995e+07 5.96046e-08
1.32631e+07 -1.87568e+07 5.96046e-08
1.33036e+07 -1.88141e+07 -1.78814e-07
1.33441e+07 -1.88714e+07 5.96046e-08
1.33847e+07 -1.89288e+07 -1.78814e-07
1.34252e+07 -1.89861e+07 -1.78814e-07
1.34657e+07 -1.90434e+07 0
1.35063e+07 -1.91008e+07 -1.78814e-07
1.35468e+07 -1.91581e+07 2.38419e-07
1.35873e+07 -1.92154e+07 1.78814e-07
1.36279e+07 -1.92727e+07 -5.96046e-08
1.36684e+07 -1.93301e+07 -5.96046e-08
1.3709e+07 -1.93874e+07 -1.78814e-07
1.37495e+07 -1.94447e+07 -5.96046e-08
1.379e+07 -1.9502e+07 -5.96046e-08
1.38306e+07 -1.95594e+07 5.96046e-08
1.38711e+07 -1.96167e+07 -5.96046e-08
1.39116e+07 -1.9674e+07 -5.96046e-08
1.39522e+07 -1.97314e+07 0
1.39927e+07 -1.97887e+07 0
1.40332e+07 -1.9846e+07 0
1.40738e+07 -1.99033e+07 -5.96046e-08
1.41143e+07 -1.99607e+07 1.78814e-07
1.41549e+07 -2.0018e+07 1.78814e-07
1.41954e+07 -2.00753e+07 -5.96046e-08
1.42359e+07 -2.01326e+07 5.96046e-08
1.42765e+07 -2.019e+07 5.96046e-08
1.4317e+07 -2.02473e+07 1.19209e-07
1.43575e+07 -2.03046e+07 0
1.43981e+07 -2.0362e+07 5.96046e-08
1.44386e+07 -2.04193e+07 1.19209e-07
1.44791e+07 -2.04766e+07 1.78814e-07
1.45197e+07 -2.05339e+07 -5.96046e-08
1.45602e+07 -2.05913e+07 -5.96046e-08
1.46008e+07 -2.06486e+07 -5.96046e-08
1.46413e+07 -2.07059e+07 -5.96046e-08
1.46818e+07 -2.07632e+07 -5.96046e-08
1.47224e+07 -2.08206e+07 -5.96046e-08
1.47629e+07 -2.08779e+07 -5.96046e-08
1.48034e+07 -2.09352e+07 1.19209e-07
1.4844e+07 -2.09926e+07 -1.19209e-07
1.48845e+07 -2.10499e+07 0
1.49251e+07 -2.11072e+07 -5.96046e-08
1.49656e+07 -2.11645e+07 5.96046e-08
1.50061e+07 -2.12219e+07 1.78814e-07
1.50467e+07 -2.12792e+07 -1.78814e-07
1.50872e+07 -2.13365e+07 -5.96046e-08
1.51277e+07 -2.13938e+07 5.96046e-08
1.51683e+07 -2.14512e+07 0
1.52088e+07 -2.15085e+07 0
1.52493e+07 -2.15658e+07 0
1.52899e+07 -2.16232e+07 -1.19209e-07
1.53304e+07 -2.16805e+07 -1.19209e-07
1.5371e+07 -2.17378e+07 -1.19209e-07
1.54115e+07 -2.17951e+07 0
1.5452e+07 -2.18525e+07 -1.19209e-07
1.54926e+07 -2.19098e+07 -1.19209e-07
1.55331e+07 -2.19671e+07 -1.19209e-07
1.55736e+07 -2.20244e+07 -1.19209e-07
1.56142e+07 -2.20818e+07 -1.19209e-07
1.56547e+07 -2.21391e+07 0
1.56952e+07 -2.21964e+07 1.19209e-07
1.57358e+07 -2.22538e+07 0
1.57763e+07 -2.23111e+07 1.19209e-07
1.58169e+07 -2.23684e+07 1.19209e-07
1.58574e+07 -2.24257e+07 1.19209e-07
1.58979e+07 -2.24831e+07 1.19209e-07
1.59385e+07 -2.25404e+07 1.19209e-07
1.5979e+07 -2.25977e+07 1.19209e-07
1.60195e+07 -2.26551e+07 0
1.60601e+07 -2.27124e+07 0
1.61006e+07 -2.27697e+07 0
1.61411e+07 -2.2827e+07 -1.19209e-07
1.61817e+07 -2.28844e+07 -1.19209e-07
1.62222e+07 -2.29417e+07 -1.19209e-07
1.62628e+07 -2.2999e+07 0
1.63033e+07 -2.30563e+07 -1.19209e-07
1.63438e+07 -2.31137e+07 0
1.63844e+07 -2.3171e+07 -1.19209e-07
1.64249e+07 -2.32283e+07 -1.19209e-07
1.64654e+07 -2.32857e+07 -1.19209e-07
1.6506e+07 -2.3343e+07 -1.19209e-07
1.65465e+07 -2.34003e+07 0
1.65871e+07 -2.34576e+07 0
1.66276e+07 -2.3515e+07 0
1.66681e+07 -2.35723e+07 1.19209e-07
1.67087e+07 -2.36296e+07 1.19209e-07
1.67492e+07 -2.36869e+07 1.19209e-07
1.67897e+07 -2.37443e+07 1.19209e-07
1.68303e+07 -2.38016e+07 1.19209e-07
1.68708e+07 -2.38589e+07 1.19209e-07
1.69113e+07 -2.39163e+07 0
1.69519e+07 -2.39736e+07 0
1.69924e+07 -2.40309e+07 0
1.7033e+07 -2.40882e+07 -1.19209e-07
1.70735e+07 -2.41456e+07 -1.19209e-07
1.7114e+07 -2.42029e+07 -1.19209e-07
1.71546e+07 -2.42602e+07 -1.19209e-07
1.71951e+07 -2.43175e+07 -1.19209e-07
1.72356e+07 -2.43749e+07 0
1.72762e+07 -2.44322e+07 -1.19209e-07
1.73167e+07 -2.44895e+07 -1.19209e-07
1.73572e+07 -2.45469e+07 -1.19209e-07
1.73978e+07 -2.46042e+07 0
1.74383e+07 -2.46615e+07 0
1.74789e+07 -2.47188e+07 0
1.75194e+07 -2.47762e+07 1.19209e-07
1.75599e+07 -2.48335e+07 0
1.76005e+07 -2.48908e+07 1.19209e-07
1.7641e+07 -2.49481e+07 1.19209e-07
1.76815e+07 -2.50055e+07 1.19209e-07
1.77221e+07 -2.50628e+07 1.19209e-07
1.77626e+07 -2.51201e+07 0
1.78032e+07 -2.51775e+07 0
1.78437e+07 -2.52348e+07 0
1.78842e+07 -2.52921e+07 -1.19209e-07
1.79248e+07 -2.53494e+07 -1.19209e-07
1.79653e+07 -2.54068e+07 -1.19209e-07
1.80058e+07 -2.54641e+07 0
1.80464e+07 -2.55214e+07 -1.19209e-07
1.80869e+07 -2.55787e+07 0
1.81274e+07 -2.56361e+07 -1.19209e-07
1.8168e+07 -2.56934e+07 -1.19209e-07
1.82085e+07 -2.57507e+07 -1.19209e-07
1.82491e+07 -2.58081e+07 0
1.82896e+07 -2.58654e+07 0
1.83301e+07 -2.59227e+07 0
1.83707e+07 -2.598e+07 1.19209e-07
1.84112e+07 -2.60374e+07 0
1.84517e+07 -2.60947e+07 1.19209e-07
1.84923e+07 -2.6152e+07 0
1.85328e+07 -2.62093e+07 1.19209e-07
1.85733e+07 -2.62667e+07 1.19209e-07
1.86139e+07 -2.6324e+07 0
1.86544e+07 -2.63813e+07 0
1.8695e+07 -2.64387e+07 0
1.87355e+07 -2.6496e+07 -1.19209e-07
1.8776e+07 -2.65533e+07 -1.19209e-07
1.88166e+07 -2.66106e+07 -1.19209e-07
1.88571e+07 -2.6668e+07 0
1.88976e+07 -2.67253e+07 -1.19209e-07
1.89382e+07 -2.67826e+07 -1.19209e-07
1.89787e+07 -2.684e+07 -1.19209e-07
1.90192e+07 -2.68973e+07 -1.19209e-07
1.90598e+07 -2.69546e+07 -1.19209e-07
1.91003e+07 -2.70119e+07 0
1.91409e+07 -2.70693e+07 0
1.91814e+07 -2.71266e+07 0
1.92219e+07 -2.71839e+07 1.19209e-07
1.92625e+07 -2.72412e+07 0
1.9303e+07 -2.72986e+07 1.19209e-07
1.93435e+07 -2.73559e+07 1.19209e-07
1.93841e+07 -2.74132e+07 0
1.94246e+07 -2.74706e+07 1.19209e-07
1.94652e+07 -2.75279e+07 1.19209e-07
1.95057e+07 -2.75852e+07 0
1.95462e+07 -2.76425e+07 0
1.95868e+07 -2.76999e+07 1.19209e-07
1.96273e+07 -2.77572e+07 -1.19209e-07
1.96678e+07 -2.78145e+07 -1.19209e-07
1.97084e+07 -2.78718e+07 -1.19209e-07
1.97489e+07 -2.79292e+07 -1.19209e-07
1.97894e+07 -2.79865e+07 -1.19209e-07
1.983e+07 -2.80438e+07 -1.19209e-07
1.98705e+07 -2.81012e+07 -1.19209e-07
1.99111e+07 -2.81585e+07 -1.19209e-07
1.99516e+07 -2.82158e+07 -1.19209e-07
1.99921e+07 -2.82731e+07 0
2.00327e+07 -2.83305e+07 1.19209e-07
2.00732e+07 -2.83878e+07 1.19209e-07
2.01137e+07 -2.84451e+07 -1.19209e-07
2.01543e+07 -2.85024e+07 -1.19209e-07
2.01948e+07 -2.85598e+07 1.19209e-07
2.02353e+07 -2.86171e+07 -1.19209e-07
2.02759e+07 -2.86744e+07 -1.19209e-07
2.03164e+07 -2.87318e+07 1.19209e-07
2.0357e+07 -2.87891e+07 -1.19209e-07
2.03975e+07 -2.88464e+07 -1.19209e-07
2.0438e+07 -2.89037e+07 -1.19209e-07
2.04786e+07 -2.89611e+07 -1.19209e-07
2.05191e+07 -2.90184e+07 -1.19209e-07
2.05596e+07 -2.90757e+07 -1.19209e-07
2.06002e+07 -2.9133e+07 -1.19209e-07
2.06407e+07 -2.91904e+07 -1.19209e-07
2.06812e+07 -2.92477e+07 -1.19209e-07
2.07218e+07 -2.9305e+07 -1.19209e-07
2.07623e+07 -2.93624e+07 -1.19209e-07
2.08029e+07 -2.94197e+07 -1.19209e-07
2.08434e+07 -2.9477e+07 0
2.08839e+07 -2.95343e+07 1.19209e-07
2.09245e+07 -2.95917e+07 0
2.0965e+07 -2.9649e+07 1.19209e-07
2.10055e+07 -2.97063e+07 1.19209e-07
2.10461e+07 -2.97636e+07 1.19209e-07
2.10866e+07 -2.9821e+07 1.19209e-07
2.11272e+07 -2.98783e+07 1.19209e-07
2.11677e+07 -2.99356e+07 1.19209e-07
2.12082e+07 -2.9993e+07 1.19209e-07
2.12488e+07 -3.00503e+07 1.19209e-07
2.12893e+07 -3.01076e+07 1.19209e-07
2.13298e+07 -3.01649e+07 -1.19209e-07
2.13704e+07 -3.02223e+07 1.19209e-07
2.14109e+07 -3.02796e+07 1.19209e-07
2.14514e+07 -3.03369e+07 -1.19209e-07
2.1492e+07 -3.03943e+07 -1.19209e-07
2.15325e+07 -3.04516e+07 1.19209e-07
2.15731e+07 -3.05089e+07 -1.19209e-07
2.16136e+07 -3.05662e+07 -1.19209e-07
2.16541e+07 -3.06236e+07 -1.19209e-07
2.16947e+07 -3.06809e+07 1.19209e-07
2.17352e+07 -3.07382e+07 1.19209e-07
2.17757e+07 -3.07955e+07 3.57628e-07
2.18163e+07 -3.08529e+07 -1.19209e-07
2.18568e+07 -3.09102e+07 3.57628e-07
2.18973e+07 -3.09675e+07 -1.19209e-07
2.19379e+07 -3.10249e+07 -1.19209e-07
2.19784e+07 -3.10822e+07 3.57628e-07
2.2019e+07 -3.11395e+07 3.57628e-07
2.20595e+07 -3.11968e+07 -1.19209e-07
2.21e+07 -3.12542e+07 -1.19209e-07
2.21406e+07 -3.13115e+07 -1.19209e-07
2.21811e+07 -3.13688e+07 -1.19209e-07
2.22216e+07 -3.14261e+07 -3.57628e-07
2.22622e+07 -3.14835e+07 -1.19209e-07
2.23027e+07 -3.15408e+07 -1.19209e-07
2.23432e+07 -3.15981e+07 1.19209e-07
2.23838e+07 -3.16555e+07 -1.19209e-07
2.24243e+07 -3.17128e+07 -1.19209e-07
2.24649e+07 -3.17701e+07 -3.57628e-07
2.25054e+07 -3.18274e+07 0
2.25459e+07 -3.18848e+07 0
2.25865e+07 -3.19421e+07 -1.19209e-07
2.2627e+07 -3.19994e+07 3.57628e-07
2.26675e+07 -3.20567e+07 -1.19209e-07
2.27081e+07 -3.21141e+07 -1.19209e-07
2.27486e+07 -3.21714e+07 3.57628e-07
2.27892e+07 -3.22287e+07 -1.19209e-07
2.28297e+07 -3.22861e+07 -1.19209e-07
2.28702e+07 -3.23434e+07 -1.19209e-07
2.29108e+07 -3.24007e+07 3.57628e-07
2.29513e+07 -3.2458e+07 1.19209e-07
2.29918e+07 -3.25154e+07 1.19209e-07
2.30324e+07 -3.25727e+07 1.19209e-07
2.30729e+07 -3.263e+07 -3.57628e-07
2.31134e+07 -3.26873e+07 -3.57628e-07
2.3154e+07 -3.27447e+07 1.19209e-07
2.31945e+07 -3.2802e+07 -1.19209e-07
2.32351e+07 -3.28593e+07 -3.57628e-07
2.32756e+07 -3.29167e+07 1.19209e-07
2.33161e+07 -3.2974e+07 3.57628e-07
2.33567e+07 -3.30313e+07 0
2.33972e+07 -3.30886e+07 0
2.34377e+07 -3.3146e+07 1.19209e-07
2.34783e+07 -3.32033e+07 -1.19209e-07
2.35188e+07 -3.32606e+07 3.57628e-07
2.35593e+07 -3.33179e+07 3.57628e-07
2.35999e+07 -3.33753e+07 -1.19209e-07
2.36404e+07 -3.34326e+07 3.57628e-07
2.3681e+07 -3.34899e+07 1.19209e-07
2.37215e+07 -3.35473e+07 -1.19209e-07
2.3762e+07 -3.36046e+07 3.57628e-07
2.38026e+07 -3.36619e+07 3.57628e-07
2.38431e+07 -3.37192e+07 -1.19209e-07
2.38836e+07 -3.37766e+07 -1.19209e-07
2.39242e+07 -3.38339e+07 -1.19209e-07
2.39647e+07 -3.38912e+07 -3.57628e-07
2.40052e+07 -3.39485e+07 1.19209e-07
2.40458e+07 -3.40059e+07 -1.19209e-07
2.40863e+07 -3.40632e+07 -3.57628e-07
2.41269e+07 -3.41205e+07 -1.19209e-07
2.41674e+07 -3.41779e+07 2.38419e-07
2.42079e+07 -3.42352e+07 0
2.42485e+07 -3.42925e+07 -2.38419e-07
2.4289e+07 -3.43498e+07 1.19209e-07
2.43295e+07 -3.44072e+07 3.57628e-07
2.43701e+07 -3.44645e+07 1.19209e-07
2.44106e+07 -3.45218e+07 1.19209e-07
2.44512e+07 -3.45792e+07 1.19209e-07
2.44917e+07 -3.46365e+07 1.19209e-07
2.45322e+07 -3.46938e+07 -1.19209e-07
2.45728e+07 -3.47511e+07 3.57628e-07
2.46133e+07 -3.48085e+07 -1.19209e-07
2.46538e+07 -3.48658e+07 1.19209e-07
2.46944e+07 -3.49231e+07 1.19209e-07
2.47349e+07 -3.49804e+07 1.19209e-07
2.47754e+07 -3.50378e+07 1.19209e-07
2.4816e+07 -3.50951e+07 1.19209e-07
2.48565e+07 -3.51524e+07 -3.57628e-07
2.48971e+07 -3.52098e+07 -3.57628e-07
2.49376e+07 -3.52671e+07 1.19209e-07
2.49781e+07 -3.53244e+07 -3.57628e-07
2.50187e+07 -3.53817e+07 -3.57628e-07
2.50592e+07 -3.54391e+07 0
2.50997e+07 -3.54964e+07 -4.76837e-07
2.51403e+07 -3.55537e+07 0
2.51808e+07 -3.5611e+07 3.57628e-07
2.52213e+07 -3.56684e+07 3.57628e-07
2.52619e+07 -3.57257e+07 -1.19209e-07
2.53024e+07 -3.5783e+07 -1.19209e-07
2.5343e+07 -3.58404e+07 -1.19209e-07
2.53835e+07 -3.58977e+07 -1.19209e-07
2.5424e+07 -3.5955e+07 3.57628e-07
2.54646e+07 -3.60123e+07 3.57628e-07
2.55051e+07 -3.60697e+07 -1.19209e-07
2.55456e+07 -3.6127e+07 -1.19209e-07
2.55862e+07 -3.61843e+07 1.19209e-07
2.56267e+07 -3.62416e+07 -1.19209e-07
2.56673e+07 -3.6299e+07 0
2.57078e+07 -3.63563e+07 1.19209e-07
2.57483e+07 -3.64136e+07 0
2.57889e+07 -3.6471e+07 -3.57628e-07
2.58294e+07 -3.65283e+07 0
2.58699e+07 -3.65856e+07 1.19209e-07
2.59105e+07 -3.66429e+07 0
2.5951e+07 -3.67003e+07 3.57628e-07
2.59915e+07 -3.67576e+07 1.19209e-07
2.60321e+07 -3.68149e+07 -1.19209e-07
2.60726e+07 -3.68722e+07 1.19209e-07
2.61132e+07 -3.69296e+07 -1.19209e-07
2.61537e+07 -3.69869e+07 1.19209e-07
2.61942e+07 -3.70442e+07 3.57628e-07
2.62348e+07 -3.71016e+07 1.19209e-07
2.62753e+07 -3.71589e+07 1.19209e-07
2.63158e+07 -3.72162e+07 -1.19209e-07
2.63564e+07 -3.72735e+07 1.19209e-07
2.63969e+07 -3.73309e+07 1.19209e-07
2.64374e+07 -3.73882e+07 1.19209e-07
2.6478e+07 -3.74455e+07 1.19209e-07
2.65185e+07 -3.75028e+07 2.38419e-07
2.65591e+07 -3.75602e+07 -3.57628e-07
2.65996e+07 -3.76175e+07 0
2.66401e+07 -3.76748e+07 -1.19209e-07
2.66807e+07 -3.77322e+07 -3.57628e-07
2.67212e+07 -3.77895e+07 0
2.67617e+07 -3.78468e+07 1.19209e-07
2.68023e+07 -3.79041e+07 0
2.68428e+07 -3.79615e+07 3.57628e-07
2.68833e+07 -3.80188e+07 -2.38419e-07
2.69239e+07 -3.80761e+07 -1.19209e-07
2.69644e+07 -3.81335e+07 -1.19209e-07
2.7005e+07 -3.81908e+07 -1.19209e-07
2.70455e+07 -3.82481e+07 -1.19209e-07
2.7086e+07 -3.83054e+07 -1.19209e-07
2.71266e+07 -3.83628e+07 1.19209e-07
2.71671e+07 -3.84201e+07 0
2.72076e+07 -3.84774e+07 -1.19209e-07
2.72482e+07 -3.85347e+07 3.57628e-07
2.72887e+07 -3.85921e+07 -3.57628e-07
2.73293e+07 -3.86494e+07 -1.19209e-07
2.73698e+07 -3.87067e+07 -1.19209e-07
2.74103e+07 -3.87641e+07 -1.19209e-07
2.74509e+07 -3.88214e+07 -2.38419e-07
2.74914e+07 -3.88787e+07 -1.19209e-07
2.75319e+07 -3.8936e+07 0
2.75725e+07 -3.89934e+07 1.19209e-07
2.7613e+07 -3.90507e+07 2.38419e-07
2.76535e+07 -3.9108e+07 3.57628e-07
2.76941e+07 -3.91653e+07 -3.57628e-07
2.77346e+07 -3.92227e+07 -3.57628e-07
2.77752e+07 -3.928e+07 1.19209e-07
2.78157e+07 -3.93373e+07 -1.19209e-07
2.78562e+07 -3.93947e+07 2.38419e-07
2.78968e+07 -3.9452e+07 3.57628e-07
2.79373e+07 -3.95093e+07 1.19209e-07
2.79778e+07 -3.95666e+07 1.19209e-07
2.80184e+07 -3.9624e+07 3.57628e-07
2.80589e+07 -3.96813e+07 -3.57628e-07
2.80994e+07 -3.97386e+07 1.19209e-07
2.814e+07 -3.97959e+07 1.19209e-07
2.81805e+07 -3.98533e+07 -1.19209e-07
2.82211e+07 -3.99106e+07 0
2.82616e+07 -3.99679e+07 1.19209e-07
2.83021e+07 -4.00253e+07 -2.38419e-07
2.83427e+07 -4.00826e+07 2.38419e-07
2.83832e+07 -4.01399e+07 0
2.84237e+07 -4.01972e+07 0
2.84643e+07 -4.02546e+07 -2.38419e-07
2.85048e+07 -4.03119e+07 0
2.85453e+07 -4.03692e+07 -2.38419e-07
2.85859e+07 -4.04265e+07 0
2.86264e+07 -4.04839e+07 0
2.8667e+07 -4.05412e+07 -2.38419e-07
2.87075e+07 -4.05985e+07 -2.38419e-07
2.8748e+07 -4.06559e+07 -2.38419e-07
2.87886e+07 -4.07132e+07 0
2.88291e+07 -4.07705e+07 -2.38419e-07
2.88696e+07 -4.08278e+07 0
2.89102e+07 -4.08852e+07 -2.38419e-07
2.89507e+07 -4.09425e+07 -2.38419e-07
2.89913e+07 -4.09998e+07 -2.38419e-07
2.90318e+07 -4.10571e+07 -2.38419e-07
2.90723e+07 -4.11145e+07 -2.38419e-07
2.91129e+07 -4.11718e+07 -2.38419e-07
2.91534e+07 -4.12291e+07 -2.38419e-07
2.91939e+07 -4.12865e+07 0
2.92345e+07 -4.13438e+07 0
2.9275e+07 -4.14011e+07 0
2.93155e+07 -4.14584e+07 0
2.93561e+07 -4.15158e+07 0
2.93966e+07 -4.15731e+07 0
2.94372e+07 -4.16304e+07 0
2.94777e+07 -4.16877e+07 2.38419e-07
2.95182e+07 -4.17451e+07 0
2.95588e+07 -4.18024e+07 2.38419e-07
2.95993e+07 -4.18597e+07 2.38419e-07
2.96398e+07 -4.19171e+07 0
2.96804e+07 -4.19744e+07 2.38419e-07
2.97209e+07 -4.20317e+07 2.38419e-07
2.97614e+07 -4.2089e+07 2.38419e-07
2.9802e+07 -4.21464e+07 2.38419e-07
2.98425e+07 -4.22037e+07 2.38419e-07
2.98831e+07 -4.2261e+07 2.38419e-07
2.99236e+07 -4.23184e+07 0
2.99641e+07 -4.23757e+07 2.38419e-07
3.00047e+07 -4.2433e+07 0
3.00452e+07 -4.24903e+07 2.38419e-07
3.00857e+07 -4.25477e+07 0
3.01263e+07 -4.2605e+07 2.38419e-07
3.01668e+07 -4.26623e+07 -2.38419e-07
3.02073e+07 -4.27196e+07 0
3.02479e+07 -4.2777e+07 -2.38419e-07
3.02884e+07 -4.28343e+07 0
3.0329e+07 -4.28916e+07 0
3.03695e+07 -4.2949e+07 0
3.041e+07 -4.30063e+07 -2.38419e-07
3.04506e+07 -4.30636e+07 0
3.04911e+07 -4.31209e+07 -2.38419e-07
3.05316e+07 -4.31783e+07 -2.38419e-07
3.05722e+07 -4.32356e+07 0
3.06127e+07 -4.32929e+07 -2.38419e-07
3.06533e+07 -4.33502e+07 -2.38419e-07
3.06938e+07 -4.34076e+07 0
3.07343e+07 -4.34649e+07 -2.38419e-07
3.07749e+07 -4.35222e+07 -2.38419e-07
3.08154e+07 -4.35796e+07 -2.38419e-07
3.08559e+07 -4.36369e+07 -2.38419e-07
3.08965e+07 -4.36942e+07 0
3.0937e+07 -4.37515e+07 0
3.09775e+07 -4.38089e+07 0
3.10181e+07 -4.38662e+07 0
3.10586e+07 -4.39235e+07 0
3.10992e+07 -4.39808e+07 0
3.11397e+07 -4.40382e+07 0
3.11802e+07 -4.40955e+07 2.38419e-07
3.12208e+07 -4.41528e+07 2.38419e-07
3.12613e+07 -4.42102e+07 2.38419e-07
3.13018e+07 -4.42675e+07 2.38419e-07
3.13424e+07 -4.43248e+07 2.38419e-07
3.13829e+07 -4.43821e+07 0
3.14234e+07 -4.44395e+07 2.38419e-07
3.1464e+07 -4.44968e+07 2.38419e-07
3.15045e+07 -4.45541e+07 2.38419e-07
3.15451e+07 -4.46114e+07 2.38419e-07
3.15856e+07 -4.46688e+07 2.38419e-07
3.16261e+07 -4.47261e+07 0
3.16667e+07 -4.47834e+07 2.38419e-07
3.17072e+07 -4.48408e+07 0
3.17477e+07 -4.48981e+07 2.38419e-07
3.17883e+07 -4.49554e+07 0
3.18288e+07 -4.50127e+07 2.38419e-07
3.18693e+07 -4.50701e+07 0
3.19099e+07 -4.51274e+07 0
3.19504e+07 -4.51847e+07 -2.38419e-07
3.1991e+07 -4.5242e+07 0
3.20315e+07 -4.52994e+07 0
3.2072e+07 -4.53567e+07 -2.38419e-07
3.21126e+07 -4.5414e+07 0
3.21531e+07 -4.54714e+07 0
3.21936e+07 -4.55287e+07 -2.38419e-07
3.22342e+07 -4.5586e+07 0
3.22747e+07 -4.56433e+07 -2.38419e-07
3.23153e+07 -4.57007e+07 -2.38419e-07
3.23558e+07 -4.5758e+07 0
3.23963e+07 -4.58153e+07 0
3.24369e+07 -4.58727e+07 -2.38419e-07
3.24774e+07 -4.593e+07 -2.38419e-07
3.25179e+07 -4.59873e+07 -2.38419e-07
3.25585e+07 -4.60446e+07 -2.38419e-07
3.2599e+07 -4.6102e+07 -2.38419e-07
3.26395e+07 -4.61593e+07 0
3.26801e+07 -4.62166e+07 0
3.27206e+07 -4.62739e+07 0
3.27612e+07 -4.63313e+07 0
3.28017e+07 -4.63886e+07 0
3.28422e+07 -4.64459e+07 0
3.28828e+07 -4.65033e+07 2.38419e-07
3.29233e+07 -4.65606e+07 2.38419e-07
3.29638e+07 -4.66179e+07 2.38419e-07
3.30044e+07 -4.66752e+07 2.38419e-07
3.30449e+07 -4.67326e+07 2.38419e-07
3.30854e+07 -4.67899e+07 2.38419e-07
3.3126e+07 -4.68472e+07 0
3.31665e+07 -4.69045e+07 0
3.32071e+07 -4.69619e+07 2.38419e-07
3.32476e+07 -4.70192e+07 2.38419e-07
3.32881e+07 -4.70765e+07 2.38419e-07
3.33287e+07 -4.71339e+07 2.38419e-07
3.33692e+07 -4.71912e+07 2.38419e-07
3.34097e+07 -4.72485e+07 0
3.34503e+07 -4.73058e+07 2.38419e-07
3.34908e+07 -4.73632e+07 0
3.35314e+07 -4.74205e+07 2.38419e-07
3.35719e+07 -4.74778e+07 0
3.36124e+07 -4.75351e+07 0
3.3653e+07 -4.75925e+07 -2.38419e-07
3.36935e+07 -4.76498e+07 -2.38419e-07
3.3734e+07 -4.77071e+07 0
3.37746e+07 -4.77645e+07 -2.38419e-07
3.38151e+07 -4.78218e+07 0
3.38556e+07 -4.78791e+07 0
3.38962e+07 -4.79364e+07 -2.38419e-07
3.39367e+07 -4.79938e+07 0
3.39773e+07 -4.80511e+07 -2.38419e-07
3.40178e+07 -4.81084e+07 0
3.40583e+07 -4.81657e+07 -2.38419e-07
3.40989e+07 -4.82231e+07 0
3.41394e+07 -4.82804e+07 -2.38419e-07
3.41799e+07 -4.83377e+07 -2.38419e-07
3.42205e+07 -4.83951e+07 -2.38419e-07
3.4261e+07 -4.84524e+07 -2.38419e-07
3.43015e+07 -4.85097e+07 -2.38419e-07
3.43421e+07 -4.8567e+07 0
3.43826e+07 -4.86244e+07 0
3.44232e+07 -4.86817e+07 0
3.44637e+07 -4.8739e+07 0
3.45042e+07 -4.87963e+07 0
3.45448e+07 -4.88537e+07 2.38419e-07
3.45853e+07 -4.8911e+07 0
3.46258e+07 -4.89683e+07 2.38419e-07
3.46664e+07 -4.90257e+07 2.38419e-07
3.47069e+07 -4.9083e+07 2.38419e-07
3.47474e+07 -4.91403e+07 2.38419e-07
3.4788e+07 -4.91976e+07 2.38419e-07
3.48285e+07 -4.9255e+07 2.38419e-07
3.48691e+07 -4.93123e+07 0
3.49096e+07 -4.93696e+07 0
3.49501e+07 -4.94269e+07 0
3.49907e+07 -4.94843e+07 2.38419e-07
3.50312e+07 -4.95416e+07 2.38419e-07
3.50717e+07 -4.95989e+07 2.38419e-07
3.51123e+07 -4.96563e+07 0
3.51528e+07 -4.97136e+07 2.38419e-07
3.51934e+07 -4.97709e+07 0
3.52339e+07 -4.98282e+07 2.38419e-07
3.52744e+07 -4.98856e+07 0
3.5315e+07 -4.99429e+07 2.38419e-07
3.53555e+07 -5.00002e+07 -2.38419e-07
3.5396e+07 -5.00576e+07 -2.38419e-07
3.54366e+07 -5.01149e+07 -2.38419e-07
3.54771e+07 -5.01722e+07 -2.38419e-07
3.55176e+07 -5.02295e+07 0
3.55582e+07 -5.02869e+07 -2.38419e-07
3.55987e+07 -5.03442e+07 -2.38419e-07
3.56393e+07 -5.04015e+07 0
3.56798e+07 -5.04588e+07 -2.38419e-07
3.57203e+07 -5.05162e+07 0
3.57609e+07 -5.05735e+07 -2.38419e-07
3.58014e+07 -5.06308e+07 0
3.58419e+07 -5.06882e+07 0
3.58825e+07 -5.07455e+07 0
3.5923e+07 -5.08028e+07 -2.38419e-07
3.59635e+07 -5.08601e+07 -2.38419e-07
3.60041e+07 -5.09175e+07 -2.38419e-07
3.60446e+07 -5.09748e+07 -2.38419e-07
3.60852e+07 -5.10321e+07 0
3.61257e+07 -5.10894e+07 0
3.61662e+07 -5.11468e+07 2.38419e-07
3.62068e+07 -5.12041e+07 0
3.62473e+07 -5.12614e+07 2.38419e-07
3.62878e+07 -5.13188e+07 0
3.63284e+07 -5.13761e+07 2.38419e-07
3.63689e+07 -5.14334e+07 2.38419e-07
3.64094e+07 -5.14907e+07 2.38419e-07
3.645e+07 -5.15481e+07 2.38419e-07
3.64905e+07 -5.16054e+07 2.38419e-07
3.65311e+07 -5.16627e+07 2.38419e-07
3.65716e+07 -5.172e+07 0
3.66121e+07 -5.17774e+07 0
3.66527e+07 -5.18347e+07 0
3.66932e+07 -5.1892e+07 0
3.67337e+07 -5.19494e+07 0
3.67743e+07 -5.20067e+07 2.38419e-07
3.68148e+07 -5.2064e+07 0
3.68554e+07 -5.21213e+07 2.38419e-07
3.68959e+07 -5.21787e+07 0
3.69364e+07 -5.2236e+07 2.38419e-07
3.6977e+07 -5.22933e+07 0
3.70175e+07 -5.23506e+07 0
3.7058e+07 -5.2408e+07 -2.38419e-07
3.70986e+07 -5.24653e+07 -2.38419e-07
3.71391e+07 -5.25226e+07 -2.38419e-07
3.71796e+07 -5.258e+07 -2.38419e-07
3.72202e+07 -5.26373e+07 2.38419e-07
3.72607e+07 -5.26946e+07 -2.38419e-07
3.73013e+07 -5.27519e+07 2.38419e-07
3.73418e+07 -5.28093e+07 0
3.73823e+07 -5.28666e+07 -2.38419e-07
3.74229e+07 -5.29239e+07 0
3.74634e+07 -5.29812e+07 -2.38419e-07
3.75039e+07 -5.30386e+07 0
3.75445e+07 -5.30959e+07 -2.38419e-07
3.7585e+07 -5.31532e+07 0
3.76255e+07 -5.32106e+07 0
3.76661e+07 -5.32679e+07 0
3.77066e+07 -5.33252e+07 -2.38419e-07
3.77472e+07 -5.33825e+07 -2.38419e-07
3.77877e+07 -5.34399e+07 -2.38419e-07
3.78282e+07 -5.34972e+07 0
3.78688e+07 -5.35545e+07 2.38419e-07
3.79093e+07 -5.36119e+07 0
3.79498e+07 -5.36692e+07 2.38419e-07
3.79904e+07 -5.37265e+07 0
3.80309e+07 -5.37838e+07 2.38419e-07
3.80714e+07 -5.38412e+07 2.38419e-07
3.8112e+07 -5.38985e+07 2.38419e-07
3.81525e+07 -5.39558e+07 2.38419e-07
3.81931e+07 -5.40131e+07 2.38419e-07
3.82336e+07 -5.40705e+07 2.38419e-07
3.82741e+07 -5.41278e+07 2.38419e-07
3.83147e+07 -5.41851e+07 2.38419e-07
3.83552e+07 -5.42425e+07 -2.38419e-07
3.83957e+07 -5.42998e+07 2.38419e-07
3.84363e+07 -5.43571e+07 -2.38419e-07
3.84768e+07 -5.44144e+07 2.38419e-07
3.85174e+07 -5.44718e+07 -2.38419e-07
3.85579e+07 -5.45291e+07 2.38419e-07
3.85984e+07 -5.45864e+07 -2.38419e-07
3.8639e+07 -5.46437e+07 2.38419e-07
3.86795e+07 -5.47011e+07 -2.38419e-07
3.872e+07 -5.47584e+07 2.38419e-07
3.87606e+07 -5.48157e+07 -2.38419e-07
3.88011e+07 -5.48731e+07 -2.38419e-07
3.88416e+07 -5.49304e+07 -2.38419e-07
3.88822e+07 -5.49877e+07 -2.38419e-07
3.89227e+07 -5.5045e+07 -2.38419e-07
3.89633e+07 -5.51024e+07 -2.38419e-07
3.90038e+07 -5.51597e+07 -2.38419e-07
3.90443e+07 -5.5217e+07 0
3.90849e+07 -5.52743e+07 -2.38419e-07
3.91254e+07 -5.53317e+07 0
3.91659e+07 -5.5389e+07 -2.38419e-07
3.92065e+07 -5.54463e+07 0
3.9247e+07 -5.55037e+07 -2.38419e-07
3.92875e+07 -5.5561e+07 0
3.93281e+07 -5.56183e+07 0
3.93686e+07 -5.56756e+07 0
3.94092e+07 -5.5733e+07 0
3.94497e+07 -5.57903e+07 0
3.94902e+07 -5.58476e+07 0
3.95308e+07 -5.59049e+07 0
3.95713e+07 -5.59623e+07 2.38419e-07
3.96118e+07 -5.60196e+07 0
3.96524e+07 -5.60769e+07 2.38419e-07
3.96929e+07 -5.61343e+07 0
3.97334e+07 -5.61916e+07 2.38419e-07
3.9774e+07 -5.62489e+07 2.38419e-07
3.98145e+07 -5.63062e+07 2.38419e-07
3.98551e+07 -5.63636e+07 2.38419e-07
3.98956e+07 -5.64209e+07 2.38419e-07
3.99361e+07 -5.64782e+07 2.38419e-07
3.99767e+07 -5.65355e+07 2.38419e-07
4.00172e+07 -5.65929e+07 -2.38419e-07
4.00577e+07 -5.66502e+07 2.38419e-07
4.00983e+07 -5.67075e+07 -2.38419e-07
4.01388e+07 -5.67649e+07 2.38419e-07
4.01794e+07 -5.68222e+07 -2.38419e-07
4.02199e+07 -5.68795e+07 2.38419e-07
4.02604e+07 -5.69368e+07 2.38419e-07
4.0301e+07 -5.69942e+07 -2.38419e-07
4.03415e+07 -5.70515e+07 -2.38419e-07
4.0382e+07 -5.71088e+07 2.38419e-07
4.04226e+07 -5.71661e+07 -2.38419e-07
4.04631e+07 -5.72235e+07 2.38419e-07
4.05036e+07 -5.72808e+07 -2.38419e-07
4.05442e+07 -5.73381e+07 -2.38419e-07
4.05847e+07 -5.73955e+07 -2.38419e-07
4.06253e+07 -5.74528e+07 -2.38419e-07
4.06658e+07 -5.75101e+07 -2.38419e-07
4.07063e+07 -5.75674e+07 2.38419e-07
4.07469e+07 -5.76248e+07 -2.38419e-07
4.07874e+07 -5.76821e+07 -2.38419e-07
4.08279e+07 -5.77394e+07 0
4.08685e+07 -5.77968e+07 -2.38419e-07
4.0909e+07 -5.78541e+07 0
4.09495e+07 -5.79114e+07 -2.38419e-07
4.09901e+07 -5.79687e+07 0
4.10306e+07 -5.80261e+07 0
4.10712e+07 -5.80834e+07 0
4.11117e+07 -5.81407e+07 0
4.11522e+07 -5.8198e+07 0
4.11928e+07 -5.82554e+07 2.38419e-07
4.12333e+07 -5.83127e+07 0
4.12738e+07 -5.837e+07 2.38419e-07
4.13144e+07 -5.84274e+07 0
4.13549e+07 -5.84847e+07 2.38419e-07
4.13955e+07 -5.8542e+07 0
4.1436e+07 -5.85993e+07 2.38419e-07
4.14765e+07 -5.86567e+07 0
4.15171e+07 -5.8714e+07 -2.38419e-07
4.15576e+07 -5.87713e+07 7.15256e-07
4.15981e+07 -5.88286e+07 7.15256e-07
4.16387e+07 -5.8886e+07 -2.38419e-07
4.16792e+07 -5.89433e+07 7.15256e-07
4.17197e+07 -5.90006e+07 7.15256e-07
4.17603e+07 -5.9058e+07 -2.38419e-07
4.18008e+07 -5.91153e+07 2.38419e-07
4.18414e+07 -5.91726e+07 -2.38419e-07
4.18819e+07 -5.92299e+07 2.38419e-07
4.19224e+07 -5.92873e+07 -2.38419e-07
4.1963e+07 -5.93446e+07 2.38419e-07
4.20035e+07 -5.94019e+07 -7.15256e-07
4.2044e+07 -5.94592e+07 2.38419e-07
4.20846e+07 -5.95166e+07 2.38419e-07
4.21251e+07 -5.95739e+07 -7.15256e-07
4.21656e+07 -5.96312e+07 -2.38419e-07
4.22062e+07 -5.96886e+07 2.38419e-07
4.22467e+07 -5.97459e+07 -7.15256e-07
4.22873e+07 -5.98032e+07 2.38419e-07
4.23278e+07 -5.98605e+07 2.38419e-07
4.23683e+07 -5.99179e+07 -7.15256e-07
4.24089e+07 -5.99752e+07 -2.38419e-07
4.24494e+07 -6.00325e+07 -7.15256e-07
4.24899e+07 -6.00898e+07 2.38419e-07
4.25305e+07 -6.01472e+07 0
4.2571e+07 -6.02045e+07 -7.15256e-07
4.26115e+07 -6.02618e+07 0
4.26521e+07 -6.03192e+07 2.38419e-07
4.26926e+07 -6.03765e+07 0
4.27332e+07 -6.04338e+07 0
4.27737e+07 -6.04911e+07 0
4.28142e+07 -6.05485e+07 -2.38419e-07
4.28548e+07 -6.06058e+07 0
4.28953e+07 -6.06631e+07 7.15256e-07
4.29358e+07 -6.07204e+07 0
4.29764e+07 -6.07778e+07 -2.38419e-07
4.30169e+07 -6.08351e+07 7.15256e-07
4.30575e+07 -6.08924e+07 -2.38419e-07
4.3098e+07 -6.09498e+07 0
4.31385e+07 -6.10071e+07 7.15256e-07
4.31791e+07 -6.10644e+07 0
4.32196e+07 -6.11217e+07 -2.38419e-07
4.32601e+07 -6.11791e+07 7.15256e-07
4.33007e+07 -6.12364e+07 -2.38419e-07
4.33412e+07 -6.12937e+07 7.15256e-07
4.33817e+07 -6.13511e+07 -2.38419e-07
4.34223e+07 -6.14084e+07 -2.38419e-07
4.34628e+07 -6.14657e+07 7.15256e-07
4.35034e+07 -6.1523e+07 -2.38419e-07
4.35439e+07 -6.15804e+07 2.38419e-07
4.35844e+07 -6.16377e+07 -2.38419e-07
4.3625e+07 -6.1695e+07 2.38419e-07
4.36655e+07 -6.17523e+07 -2.38419e-07
4.3706e+07 -6.18097e+07 2.38419e-07
4.37466e+07 -6.1867e+07 -7.15256e-07
4.37871e+07 -6.19243e+07 -7.15256e-07
4.38276e+07 -6.19817e+07 2.38419e-07
4.38682e+07 -6.2039e+07 -7.15256e-07
4.39087e+07 -6.20963e+07 -7.15256e-07
4.39493e+07 -6.21536e+07 2.38419e-07
4.39898e+07 -6.2211e+07 -7.15256e-07
4.40303e+07 -6.22683e+07 -7.15256e-07
4.40709e+07 -6.23256e+07 2.38419e-07
4.41114e+07 -6.23829e+07 2.38419e-07
4.41519e+07 -6.24403e+07 -7.15256e-07
4.41925e+07 -6.24976e+07 2.38419e-07
4.4233e+07 -6.25549e+07 -4.76837e-07
4.42735e+07 -6.26123e+07 7.15256e-07
4.43141e+07 -6.26696e+07 4.76837e-07
4.43546e+07 -6.27269e+07 -7.15256e-07
4.43952e+07 -6.27842e+07 0
4.44357e+07 -6.28416e+07 0
4.44762e+07 -6.28989e+07 -4.76837e-07
4.45168e+07 -6.29562e+07 2.38419e-07
4.45573e+07 -6.30135e+07 4.76837e-07
4.45978e+07 -6.30709e+07 -2.38419e-07
4.46384e+07 -6.31282e+07 0
4.46789e+07 -6.31855e+07 7.15256e-07
4.47195e+07 -6.32429e+07 2.38419e-07
4.476e+07 -6.33002e+07 7.15256e-07
4.48005e+07 -6.33575e+07 2.38419e-07
4.48411e+07 -6.34148e+07 -2.38419e-07
4.48816e+07 -6.34722e+07 0
4.49221e+07 -6.35295e+07 7.15256e-07
4.49627e+07 -6.35868e+07 2.38419e-07
4.50032e+07 -6.36441e+07 2.38419e-07
4.50437e+07 -6.37015e+07 2.38419e-07
4.50843e+07 -6.37588e+07 -2.38419e-07
4.51248e+07 -6.38161e+07 7.15256e-07
4.51654e+07 -6.38735e+07 7.15256e-07
4.52059e+07 -6.39308e+07 -7.15256e-07
4.52464e+07 -6.39881e+07 7.15256e-07
4.5287e+07 -6.40454e+07 2.38419e-07
4.53275e+07 -6.41028e+07 -2.38419e-07
4.5368e+07 -6.41601e+07 2.38419e-07
4.54086e+07 -6.42174e+07 -2.38419e-07
4.54491e+07 -6.42747e+07 -7.15256e-07
4.54896e+07 -6.43321e+07 -2.38419e-07
4.55302e+07 -6.43894e+07 -7.15256e-07
4.55707e+07 -6.44467e+07 -7.15256e-07
4.56113e+07 -6.45041e+07 2.38419e-07
4.56518e+07 -6.45614e+07 2.38419e-07
4.56923e+07 -6.46187e+07 -2.38419e-07
4.57329e+07 -6.4676e+07 -2.38419e-07
4.57734e+07 -6.47334e+07 -7.15256e-07
4.58139e+07 -6.47907e+07 -2.38419e-07
4.58545e+07 -6.4848e+07 2.38419e-07
4.5895e+07 -6.49053e+07 -2.38419e-07
4.59355e+07 -6.49627e+07 -2.38419e-07
4.59761e+07 -6.502e+07 -2.38419e-07
4.60166e+07 -6.50773e+07 0
4.60572e+07 -6.51347e+07 -7.15256e-07
4.60977e+07 -6.5192e+07 0
4.61382e+07 -6.52493e+07 -4.76837e-07
4.61788e+07 -6.53066e+07 -4.76837e-07
4.62193e+07 -6.5364e+07 2.38419e-07
4.62598e+07 -6.54213e+07 0
4.63004e+07 -6.54786e+07 7.15256e-07
4.63409e+07 -6.5536e+07 0
4.63815e+07 -6.55933e+07 2.38419e-07
4.6422e+07 -6.56506e+07 4.76837e-07
4.64625e+07 -6.57079e+07 2.38419e-07
4.65031e+07 -6.57653e+07 -2.38419e-07
4.65436e+07 -6.58226e+07 2.38419e-07
4.65841e+07 -6.58799e+07 7.15256e-07
4.66247e+07 -6.59372e+07 2.38419e-07
4.66652e+07 -6.59946e+07 -4.76837e-07
4.67057e+07 -6.60519e+07 -2.38419e-07
4.67463e+07 -6.61092e+07 -2.38419e-07
4.67868e+07 -6.61666e+07 7.15256e-07
4.68274e+07 -6.62239e+07 7.15256e-07
4.68679e+07 -6.62812e+07 2.38419e-07
4.69084e+07 -6.63385e+07 7.15256e-07
4.6949e+07 -6.63959e+07 2.38419e-07
4.69895e+07 -6.64532e+07 -2.38419e-07
4.703e+07 -6.65105e+07 2.38419e-07
4.70706e+07 -6.65678e+07 -2.38419e-07
4.71111e+07 -6.66252e+07 -7.15256e-07
4.71516e+07 -6.66825e+07 -2.38419e-07
4.71922e+07 -6.67398e+07 -7.15256e-07
4.72327e+07 -6.67972e+07 -7.15256e-07
4.72733e+07 -6.68545e+07 2.38419e-07
4.73138e+07 -6.69118e+07 -7.15256e-07
4.73543e+07 -6.69691e+07 -7.15256e-07
4.73949e+07 -6.70265e+07 2.38419e-07
4.74354e+07 -6.70838e+07 -7.15256e-07
4.74759e+07 -6.71411e+07 0
4.75165e+07 -6.71984e+07 2.38419e-07
4.7557e+07 -6.72558e+07 -7.15256e-07
4.75975e+07 -6.73131e+07 2.38419e-07
4.76381e+07 -6.73704e+07 2.38419e-07
4.76786e+07 -6.74278e+07 -7.15256e-07
4.77192e+07 -6.74851e+07 0
4.77597e+07 -6.75424e+07 0
4.78002e+07 -6.75997e+07 0
4.78408e+07 -6.76571e+07 -9.53674e-07
4.78813e+07 -6.77144e+07 0
4.79218e+07 -6.77717e+07 -2.38419e-07
4.79624e+07 -6.7829e+07 0
4.80029e+07 -6.78864e+07 7.15256e-07
4.80435e+07 -6.79437e+07 0
4.8084e+07 -6.8001e+07 7.15256e-07
4.81245e+07 -6.80584e+07 0
4.81651e+07 -6.81157e+07 -2.38419e-07
4.82056e+07 -6.8173e+07 7.15256e-07
4.82461e+07 -6.82303e+07 -2.38419e-07
4.82867e+07 -6.82877e+07 -2.38419e-07
4.83272e+07 -6.8345e+07 7.15256e-07
4.83677e+07 -6.84023e+07 7.15256e-07
4.84083e+07 -6.84596e+07 -2.38419e-07
4.84488e+07 -6.8517e+07 7.15256e-07
4.84894e+07 -6.85743e+07 7.15256e-07
4.85299e+07 -6.86316e+07 -2.38419e-07
4.85704e+07 -6.8689e+07 7.15256e-07
4.8611e+07 -6.87463e+07 2.38419e-07
4.86515e+07 -6.88036e+07 -2.38419e-07
4.8692e+07 -6.88609e+07 2.38419e-07
4.87326e+07 -6.89183e+07 -2.38419e-07
4.87731e+07 -6.89756e+07 2.38419e-07
4.88136e+07 -6.90329e+07 -2.38419e-07
4.88542e+07 -6.90903e+07 2.38419e-07
4.88947e+07 -6.91476e+07 -2.38419e-07
4.89353e+07 -6.92049e+07 2.38419e-07
4.89758e+07 -6.92622e+07 2.38419e-07
4.90163e+07 -6.93196e+07 -7.15256e-07
4.90569e+07 -6.93769e+07 0
4.90974e+07 -6.94342e+07 0
4.91379e+07 -6.94915e+07 -7.15256e-07
4.91785e+07 -6.95489e+07 0
4.9219e+07 -6.96062e+07 0
4.92596e+07 -6.96635e+07 7.15256e-07
4.93001e+07 -6.97209e+07 2.38419e-07
4.93406e+07 -6.97782e+07 0
4.93812e+07 -6.98355e+07 0
4.94217e+07 -6.98928e+07 0
4.94622e+07 -6.99502e+07 0
4.95028e+07 -7.00075e+07 7.15256e-07
4.95433e+07 -7.00648e+07 2.38419e-07
4.95838e+07 -7.01221e+07 0
4.96244e+07 -7.01795e+07 7.15256e-07
4.96649e+07 -7.02368e+07 0
4.97055e+07 -7.02941e+07 2.38419e-07
4.9746e+07 -7.03515e+07 -7.15256e-07
4.97865e+07 -7.04088e+07 7.15256e-07
4.98271e+07 -7.04661e+07 -2.38419e-07
4.98676e+07 -7.05234e+07 2.38419e-07
4.99081e+07 -7.05808e+07 7.15256e-07
4.99487e+07 -7.06381e+07 -2.38419e-07
4.99892e+07 -7.06954e+07 -2.38419e-07
5.00297e+07 -7.07527e+07 -7.15256e-07
5.00703e+07 -7.08101e+07 -2.38419e-07
5.01108e+07 -7.08674e+07 2.38419e-07
5.01514e+07 -7.09247e+07 -2.38419e-07
5.01919e+07 -7.09821e+07 -7.15256e-07
5.02324e+07 -7.10394e+07 7.15256e-07
5.0273e+07 -7.10967e+07 2.38419e-07
5.03135e+07 -7.1154e+07 0
5.0354e+07 -7.12114e+07 7.15256e-07
5.03946e+07 -7.12687e+07 0
5.04351e+07 -7.1326e+07 2.38419e-07
5.04756e+07 -7.13833e+07 2.38419e-07
5.05162e+07 -7.14407e+07 -7.15256e-07
5.05567e+07 -7.1498e+07 0
5.05973e+07 -7.15553e+07 0
5.06378e+07 -7.16127e+07 -2.38419e-07
5.06783e+07 -7.167e+07 -2.38419e-07
5.07189e+07 -7.17273e+07 7.15256e-07
5.07594e+07 -7.17846e+07 0
5.07999e+07 -7.1842e+07 -7.15256e-07
5.08405e+07 -7.18993e+07 2.38419e-07
5.0881e+07 -7.19566e+07 -4.76837e-07
5.09216e+07 -7.20139e+07 -2.38419e-07
5.09621e+07 -7.20713e+07 -2.38419e-07
5.10026e+07 -7.21286e+07 0
5.10432e+07 -7.21859e+07 0
5.10837e+07 -7.22433e+07 7.15256e-07
5.11242e+07 -7.23006e+07 -2.38419e-07
5.11648e+07 -7.23579e+07 7.15256e-07
5.12053e+07 -7.24152e+07 4.76837e-07
5.12458e+07 -7.24726e+07 -2.38419e-07
5.12864e+07 -7.25299e+07 7.15256e-07
5.13269e+07 -7.25872e+07 -2.38419e-07
5.13675e+07 -7.26445e+07 2.38419e-07
5.1408e+07 -7.27019e+07 2.38419e-07
5.14485e+07 -7.27592e+07 2.38419e-07
5.14891e+07 -7.28165e+07 -2.38419e-07
5.15296e+07 -7.28739e+07 7.15256e-07
5.15701e+07 -7.29312e+07 7.15256e-07
5.16107e+07 -7.29885e+07 -7.15256e-07
5.16512e+07 -7.30458e+07 7.15256e-07
5.16917e+07 -7.31032e+07 2.38419e-07
5.17323e+07 -7.31605e+07 -2.38419e-07
5.17728e+07 -7.32178e+07 0
5.18134e+07 -7.32752e+07 7.15256e-07
5.18539e+07 -7.33325e+07 -2.38419e-07
5.18944e+07 -7.33898e+07 7.15256e-07
5.1935e+07 -7.34471e+07 0
5.19755e+07 -7.35045e+07 -2.38419e-07
5.2016e+07 -7.35618e+07 2.38419e-07
5.20566e+07 -7.36191e+07 -4.76837e-07
5.20971e+07 -7.36764e+07 -2.38419e-07
5.21376e+07 -7.37338e+07 -2.38419e-07
5.21782e+07 -7.37911e+07 2.38419e-07
5.22187e+07 -7.38484e+07 0
5.22593e+07 -7.39058e+07 7.15256e-07
5.22998e+07 -7.39631e+07 -2.38419e-07
5.23403e+07 -7.40204e+07 4.76837e-07
5.23809e+07 -7.40777e+07 4.76837e-07
5.24214e+07 -7.41351e+07 -2.38419e-07
5.24619e+07 -7.41924e+07 -7.15256e-07
5.25025e+07 -7.42497e+07 2.38419e-07
5.2543e+07 -7.4307e+07 2.38419e-07
5.25836e+07 -7.43644e+07 -2.38419e-07
5.26241e+07 -7.44217e+07 4.76837e-07
5.26646e+07 -7.4479e+07 2.38419e-07
5.27052e+07 -7.45364e+07 7.15256e-07
5.27457e+07 -7.45937e+07 7.15256e-07
5.27862e+07 -7.4651e+07 -4.76837e-07
5.28268e+07 -7.47083e+07 7.15256e-07
5.28673e+07 -7.47657e+07 2.38419e-07
5.29078e+07 -7.4823e+07 -2.38419e-07
5.29484e+07 -7.48803e+07 0
5.29889e+07 -7.49376e+07 7.15256e-07
5.30295e+07 -7.4995e+07 -2.38419e-07
5.307e+07 -7.50523e+07 -4.76837e-07
5.31105e+07 -7.51096e+07 2.38419e-07
5.31511e+07 -7.5167e+07 -2.38419e-07
5.31916e+07 -7.52243e+07 2.38419e-07
5.32321e+07 -7.52816e+07 -2.38419e-07
5.32727e+07 -7.53389e+07 -7.15256e-07
5.33132e+07 -7.53963e+07 -2.38419e-07
5.33537e+07 -7.54536e+07 2.38419e-07
5.33943e+07 -7.55109e+07 -2.38419e-07
5.34348e+07 -7.55682e+07 0
5.34754e+07 -7.56256e+07 -2.38419e-07
5.35159e+07 -7.56829e+07 -7.15256e-07
5.35564e+07 -7.57402e+07 7.15256e-07
5.3597e+07 -7.57976e+07 -7.15256e-07
5.36375e+07 -7.58549e+07 -7.15256e-07
5.3678e+07 -7.59122e+07 2.38419e-07
5.37186e+07 -7.59695e+07 -2.38419e-07
5.37591e+07 -7.60269e+07 -2.38419e-07
5.37996e+07 -7.60842e+07 4.76837e-07
5.38402e+07 -7.61415e+07 2.38419e-07
5.38807e+07 -7.61988e+07 2.38419e-07
5.39213e+07 -7.62562e+07 2.38419e-07
5.39618e+07 -7.63135e+07 -4.76837e-07
5.40023e+07 -7.63708e+07 4.76837e-07
5.40429e+07 -7.64282e+07 -2.38419e-07
5.40834e+07 -7.64855e+07 -2.38419e-07
5.41239e+07 -7.65428e+07 0
5.41645e+07 -7.66001e+07 0
5.4205e+07 -7.66575e+07 -2.38419e-07
5.42456e+07 -7.67148e+07 -4.76837e-07
5.42861e+07 -7.67721e+07 4.76837e-07
5.43266e+07 -7.68295e+07 0
5.43672e+07 -7.68868e+07 7.15256e-07
5.44077e+07 -7.69441e+07 0
5.44482e+07 -7.70014e+07 -4.76837e-07
5.44888e+07 -7.70588e+07 2.38419e-07
5.45293e+07 -7.71161e+07 2.38419e-07
5.45698e+07 -7.71734e+07 -2.38419e-07
5.46104e+07 -7.72307e+07 0
5.46509e+07 -7.72881e+07 -4.76837e-07
5.46915e+07 -7.73454e+07 0
5.4732e+07 -7.74027e+07 -4.76837e-07
5.47725e+07 -7.74601e+07 4.76837e-07
5.48131e+07 -7.75174e+07 0
5.48536e+07 -7.75747e+07 4.76837e-07
5.48941e+07 -7.7632e+07 -4.76837e-07
5.49347e+07 -7.76894e+07 4.76837e-07
5.49752e+07 -7.77467e+07 -4.76837e-07
5.50157e+07 -7.7804e+07 4.76837e-07
5.50563e+07 -7.78613e+07 0
5.50968e+07 -7.79187e+07 4.76837e-07
5.51374e+07 -7.7976e+07 -4.76837e-07
5.51779e+07 -7.80333e+07 4.76837e-07
5.52184e+07 -7.80907e+07 -4.76837e-07
5.5259e+07 -7.8148e+07 4.76837e-07
5.52995e+07 -7.82053e+07 -4.76837e-07
5.534e+07 -7.82626e+07 0
5.53806e+07 -7.832e+07 -4.76837e-07
5.54211e+07 -7.83773e+07 4.76837e-07
5.54617e+07 -7.84346e+07 0
5.55022e+07 -7.84919e+07 0
5.55427e+07 -7.85493e+07 0
5.55833e+07 -7.86066e+07 4.76837e-07
5.56238e+07 -7.86639e+07 0
5.56643e+07 -7.87213e+07 0
5.57049e+07 -7.87786e+07 -4.76837e-07
5.57454e+07 -7.88359e+07 0
5.57859e+07 -7.88932e+07 0
5.58265e+07 -7.89506e+07 -4.76837e-07
5.5867e+07 -7.90079e+07 -4.76837e-07
5.59076e+07 -7.90652e+07 0
5.59481e+07 -7.91225e+07 4.76837e-07
5.59886e+07 -7.91799e+07 0
5.60292e+07 -7.92372e+07 0
5.60697e+07 -7.92945e+07 0
5.61102e+07 -7.93519e+07 4.76837e-07
5.61508e+07 -7.94092e+07 4.76837e-07
5.61913e+07 -7.94665e+07 0
5.62318e+07 -7.95238e+07 -4.76837e-07
5.62724e+07 -7.95812e+07 4.76837e-07
5.63129e+07 -7.96385e+07 0
5.63535e+07 -7.96958e+07 0
5.6394e+07 -7.97531e+07 -4.76837e-07
5.64345e+07 -7.98105e+07 0
5.64751e+07 -7.98678e+07 0
5.65156e+07 -7.99251e+07 4.76837e-07
5.65561e+07 -7.99825e+07 -4.76837e-07
5.65967e+07 -8.00398e+07 4.76837e-07
5.66372e+07 -8.00971e+07 0
5.66777e+07 -8.01544e+07 4.76837e-07
5.67183e+07 -8.02118e+07 0
5.67588e+07 -8.02691e+07 4.76837e-07
5.67994e+07 -8.03264e+07 -4.76837e-07
5.68399e+07 -8.03837e+07 4.76837e-07
5.68804e+07 -8.04411e+07 -4.76837e-07
5.6921e+07 -8.04984e+07 0
5.69615e+07 -8.05557e+07 -4.76837e-07
5.7002e+07 -8.06131e+07 0
5.70426e+07 -8.06704e+07 -4.76837e-07
5.70831e+07 -8.07277e+07 4.76837e-07
5.71237e+07 -8.0785e+07 -4.76837e-07
5.71642e+07 -8.08424e+07 0
5.72047e+07 -8.08997e+07 0
5.72453e+07 -8.0957e+07 4.76837e-07
5.72858e+07 -8.10144e+07 0
5.73263e+07 -8.10717e+07 4.76837e-07
5.73669e+07 -8.1129e+07 0
5.74074e+07 -8.11863e+07 4.76837e-07
5.74479e+07 -8.12437e+07 0
5.74885e+07 -8.1301e+07 0
5.7529e+07 -8.13583e+07 0
5.75696e+07 -8.14156e+07 0
5.76101e+07 -8.1473e+07 0
5.76506e+07 -8.15303e+07 0
5.76912e+07 -8.15876e+07 4.76837e-07
5.77317e+07 -8.1645e+07 0
5.77722e+07 -8.17023e+07 4.76837e-07
5.78128e+07 -8.17596e+07 0
5.78533e+07 -8.18169e+07 0
5.78938e+07 -8.18743e+07 0
5.79344e+07 -8.19316e+07 0
5.79749e+07 -8.19889e+07 -4.76837e-07
5.80155e+07 -8.20462e+07 0
5.8056e+07 -8.21036e+07 -4.76837e-07
5.80965e+07 -8.21609e+07 0
5.81371e+07 -8.22182e+07 -4.76837e-07
5.81776e+07 -8.22756e+07 4.76837e-07
5.82181e+07 -8.23329e+07 0
5.82587e+07 -8.23902e+07 4.76837e-07
5.82992e+07 -8.24475e+07 -4.76837e-07
5.83397e+07 -8.25049e+07 4.76837e-07
5.83803e+07 -8.25622e+07 0
5.84208e+07 -8.26195e+07 4.76837e-07
5.84614e+07 -8.26768e+07 0
5.85019e+07 -8.27342e+07 4.76837e-07
5.85424e+07 -8.27915e+07 0
5.8583e+07 -8.28488e+07 4.76837e-07
5.86235e+07 -8.29062e+07 0
5.8664e+07 -8.29635e+07 4.76837e-07
5.87046e+07 -8.30208e+07 -4.76837e-07
5.87451e+07 -8.30781e+07 0
5.87857e+07 -8.31355e+07 -4.76837e-07
5.88262e+07 -8.31928e+07 4.76837e-07
5.88667e+07 -8.32501e+07 -4.76837e-07
5.89073e+07 -8.33074e+07 0
5.89478e+07 -8.33648e+07 0
5.89883e+07 -8.34221e+07 4.76837e-07
5.90289e+07 -8.34794e+07 0
5.90694e+07 -8.35368e+07 0
5.91099e+07 -8.35941e+07 -4.76837e-07
5.91505e+07 -8.36514e+07 0
5.9191e+07 -8.37087e+07 0
5.92316e+07 -8.37661e+07 -4.76837e-07
5.92721e+07 -8.38234e+07 -4.76837e-07
5.93126e+07 -8.38807e+07 0
5.93532e+07 -8.3938e+07 0
5.93937e+07 -8.39954e+07 0
5.94342e+07 -8.40527e+07 0
5.94748e+07 -8.411e+07 -4.76837e-07
5.95153e+07 -8.41674e+07 4.76837e-07
5.95558e+07 -8.42247e+07 0
5.95964e+07 -8.4282e+07 0
5.96369e+07 -8.43393e+07 0
5.96775e+07 -8.43967e+07 4.76837e-07
5.9718e+07 -8.4454e+07 0
5.97585e+07 -8.45113e+07 0
5.97991e+07 -8.45687e+07 -4.76837e-07
5.98396e+07 -8.4626e+07 4.76837e-07
5.98801e+07 -8.46833e+07 0
5.99207e+07 -8.47406e+07 4.76837e-07
5.99612e+07 -8.4798e+07 -4.76837e-07
6.00017e+07 -8.48553e+07 4.76837e-07
6.00423e+07 -8.49126e+07 0
6.00828e+07 -8.49699e+07 4.76837e-07
6.01234e+07 -8.50273e+07 -4.76837e-07
6.01639e+07 -8.50846e+07 4.76837e-07
6.02044e+07 -8.51419e+07 -4.76837e-07
6.0245e+07 -8.51993e+07 0
6.02855e+07 -8.52566e+07 -4.76837e-07
6.0326e+07 -8.53139e+07 4.76837e-07
6.03666e+07 -8.53712e+07 -4.76837e-07
6.04071e+07 -8.54286e+07 -4.76837e-07
6.04477e+07 -8.54859e+07 -4.76837e-07
6.04882e+07 -8.55432e+07 0
6.05287e+07 -8.56005e+07 -4.76837e-07
6.05693e+07 -8.56579e+07 0
6.06098e+07 -8.57152e+07 -4.76837e-07
6.06503e+07 -8.57725e+07 4.76837e-07
6.06909e+07 -8.58299e+07 0
6.07314e+07 -8.58872e+07 0
6.07719e+07 -8.59445e+07 0
6.08125e+07 -8.60018e+07 4.76837e-07
6.0853e+07 -8.60592e+07 0
6.08936e+07 -8.61165e+07 0
6.09341e+07 -8.61738e+07 0
6.09746e+07 -8.62311e+07 0
6.10152e+07 -8.62885e+07 4.76837e-07
6.10557e+07 -8.63458e+07 0
6.10962e+07 -8.64031e+07 0
6.11368e+07 -8.64605e+07 0
6.11773e+07 -8.65178e+07 4.76837e-07
6.12178e+07 -8.65751e+07 0
6.12584e+07 -8.66324e+07 4.76837e-07
6.12989e+07 -8.66898e+07 0
6.13395e+07 -8.67471e+07 4.76837e-07
6.138e+07 -8.68044e+07 -4.76837e-07
6.14205e+07 -8.68617e+07 0
6.14611e+07 -8.69191e+07 -4.76837e-07
6.15016e+07 -8.69764e+07 0
6.15421e+07 -8.70337e+07 -4.76837e-07
6.15827e+07 -8.70911e+07 0
6.16232e+07 -8.71484e+07 0
6.16637e+07 -8.72057e+07 4.76837e-07
6.17043e+07 -8.7263e+07 -4.76837e-07
6.17448e+07 -8.73204e+07 4.76837e-07
6.17854e+07 -8.73777e+07 0
6.18259e+07 -8.7435e+07 4.76837e-07
6.18664e+07 -8.74923e+07 0
6.1907e+07 -8.75497e+07 4.76837e-07
6.19475e+07 -8.7607e+07 0
6.1988e+07 -8.76643e+07 4.76837e-07
6.20286e+07 -8.77217e+07 0
6.20691e+07 -8.7779e+07 4.76837e-07
6.21097e+07 -8.78363e+07 0
6.21502e+07 -8.78936e+07 0
6.21907e+07 -8.7951e+07 0
6.22313e+07 -8.80083e+07 4.76837e-07
6.22718e+07 -8.80656e+07 0
6.23123e+07 -8.81229e+07 0
6.23529e+07 -8.81803e+07 -4.76837e-07
6.23934e+07 -8.82376e+07 4.76837e-07
6.24339e+07 -8.82949e+07 0
6.24745e+07 -8.83523e+07 0
6.2515e+07 -8.84096e+07 -4.76837e-07
6.25556e+07 -8.84669e+07 4.76837e-07
6.25961e+07 -8.85242e+07 0
6.26366e+07 -8.85816e+07 -4.76837e-07
6.26772e+07 -8.86389e+07 -4.76837e-07
6.27177e+07 -8.86962e+07 -4.76837e-07
6.27582e+07 -8.87536e+07 0
6.27988e+07 -8.88109e+07 0
6.28393e+07 -8.88682e+07 -4.76837e-07
6.28798e+07 -8.89255e+07 -4.76837e-07
6.29204e+07 -8.89829e+07 4.76837e-07
6.29609e+07 -8.90402e+07 0
6.30015e+07 -8.90975e+07 0
6.3042e+07 -8.91548e+07 -4.76837e-07
6.30825e+07 -8.92122e+07 4.76837e-07
6.31231e+07 -8.92695e+07 -4.76837e-07
6.31636e+07 -8.93268e+07 0
6.32041e+07 -8.93842e+07 -4.76837e-07
6.32447e+07 -8.94415e+07 4.76837e-07
6.32852e+07 -8.94988e+07 0
6.33258e+07 -8.95561e+07 0
6.33663e+07 -8.96135e+07 -4.76837e-07
6.34068e+07 -8.96708e+07 4.76837e-07
6.34474e+07 -8.97281e+07 0
6.34879e+07 -8.97854e+07 0
6.35284e+07 -8.98428e+07 -4.76837e-07
6.3569e+07 -8.99001e+07 4.76837e-07
6.36095e+07 -8.99574e+07 -4.76837e-07
6.365e+07 -9.00148e+07 0
6.36906e+07 -9.00721e+07 -4.76837e-07
6.37311e+07 -9.01294e+07 4.76837e-07
6.37717e+07 -9.01867e+07 -4.76837e-07
6.38122e+07 -9.02441e+07 0
6.38527e+07 -9.03014e+07 -4.76837e-07
6.38933e+07 -9.03587e+07 0
6.39338e+07 -9.0416e+07 -4.76837e-07
6.39743e+07 -9.04734e+07 0
6.40149e+07 -9.05307e+07 -4.76837e-07
6.40554e+07 -9.0588e+07 0
6.40959e+07 -9.06454e+07 0
6.41365e+07 -9.07027e+07 0
6.4177e+07 -9.076e+07 0
6.42176e+07 -9.08173e+07 4.76837e-07
6.42581e+07 -9.08747e+07 0
6.42986e+07 -9.0932e+07 4.76837e-07
6.43392e+07 -9.09893e+07 0
6.43797e+07 -9.10466e+07 0
6.44202e+07 -9.1104e+07 4.76837e-07
6.44608e+07 -9.11613e+07 0
6.45013e+07 -9.12186e+07 0
6.45418e+07 -9.1276e+07 0
6.45824e+07 -9.13333e+07 0
6.46229e+07 -9.13906e+07 0
6.46635e+07 -9.14479e+07 4.76837e-07
6.4704e+07 -9.15053e+07 0
6.47445e+07 -9.15626e+07 4.76837e-07
6.47851e+07 -9.16199e+07 0
6.48256e+07 -9.16772e+07 4.76837e-07
6.48661e+07 -9.17346e+07 -4.76837e-07
6.49067e+07 -9.17919e+07 4.76837e-07
6.49472e+07 -9.18492e+07 -4.76837e-07
6.49878e+07 -9.19066e+07 0
6.50283e+07 -9.19639e+07 -4.76837e-07
6.50688e+07 -9.20212e+07 0
6.51094e+07 -9.20785e+07 -4.76837e-07
6.51499e+07 -9.21359e+07 4.76837e-07
6.51904e+07 -9.21932e+07 -4.76837e-07
6.5231e+07 -9.22505e+07 4.76837e-07
6.52715e+07 -9.23079e+07 -4.76837e-07
6.5312e+07 -9.23652e+07 4.76837e-07
6.53526e+07 -9.24225e+07 0
6.53931e+07 -9.24798e+07 4.76837e-07
6.54337e+07 -9.25372e+07 0
6.54742e+07 -9.25945e+07 4.76837e-07
6.55147e+07 -9.26518e+07 0
6.55553e+07 -9.27091e+07 4.76837e-07
6.55958e+07 -9.27665e+07 0
6.56363e+07 -9.28238e+07 4.76837e-07
6.56769e+07 -9.28811e+07 0
6.57174e+07 -9.29385e+07 0
6.57579e+07 -9.29958e+07 0
6.57985e+07 -9.30531e+07 4.76837e-07
6.5839e+07 -9.31104e+07 4.76837e-07
6.58796e+07 -9.31678e+07 0
6.59201e+07 -9.32251e+07 0
6.59606e+07 -9.32824e+07 0
6.60012e+07 -9.33397e+07 0
6.60417e+07 -9.33971e+07 0
6.60822e+07 -9.34544e+07 -4.76837e-07
6.61228e+07 -9.35117e+07 -4.76837e-07
6.61633e+07 -9.35691e+07 0
6.62038e+07 -9.36264e+07 -4.76837e-07
6.62444e+07 -9.36837e+07 -4.76837e-07
6.62849e+07 -9.3741e+07 -4.76837e-07
6.63255e+07 -9.37984e+07 4.76837e-07
6.6366e+07 -9.38557e+07 0
6.64065e+07 -9.3913e+07 0
6.64471e+07 -9.39703e+07 -4.76837e-07
6.64876e+07 -9.40277e+07 4.76837e-07
6.65281e+07 -9.4085e+07 0
6.65687e+07 -9.41423e+07 0
6.66092e+07 -9.41997e+07 0
6.66498e+07 -9.4257e+07 4.76837e-07
6.66903e+07 -9.43143e+07 -4.76837e-07
6.67308e+07 -9.43716e+07 0
6.67714e+07 -9.4429e+07 -4.76837e-07
6.68119e+07 -9.44863e+07 4.76837e-07
6.68524e+07 -9.45436e+07 0
6.6893e+07 -9.46009e+07 0
6.69335e+07 -9.46583e+07 -4.76837e-07
6.6974e+07 -9.47156e+07 4.76837e-07
6.70146e+07 -9.47729e+07 0
6.70551e+07 -9.48303e+07 0
6.70957e+07 -9.48876e+07 0
6.71362e+07 -9.49449e+07 4.76837e-07
6.71767e+07 -9.50022e+07 -4.76837e-07
6.72173e+07 -9.50596e+07 0
6.72578e+07 -9.51169e+07 -4.76837e-07
6.72983e+07 -9.51742e+07 0
6.73389e+07 -9.52315e+07 -4.76837e-07
6.73794e+07 -9.52889e+07 -4.76837e-07
6.74199e+07 -9.53462e+07 -4.76837e-07
6.74605e+07 -9.54035e+07 0
6.7501e+07 -9.54609e+07 -4.76837e-07
6.75416e+07 -9.55182e+07 0
6.75821e+07 -9.55755e+07 0
6.76226e+07 -9.56328e+07 0
6.76632e+07 -9.56902e+07 4.76837e-07
6.77037e+07 -9.57475e+07 4.76837e-07
6.77442e+07 -9.58048e+07 0
6.77848e+07 -9.58621e+07 0
6.78253e+07 -9.59195e+07 4.76837e-07
6.78658e+07 -9.59768e+07 0
6.79064e+07 -9.60341e+07 0
6.79469e+07 -9.60915e+07 0
6.79875e+07 -9.61488e+07 0
6.8028e+07 -9.62061e+07 0
6.80685e+07 -9.62634e+07 4.76837e-07
6.81091e+07 -9.63208e+07 0
6.81496e+07 -9.63781e+07 4.76837e-07
6.81901e+07 -9.64354e+07 0
6.82307e+07 -9.64928e+07 4.76837e-07
6.82712e+07 -9.65501e+07 0
6.83118e+07 -9.66074e+07 4.76837e-07
6.83523e+07 -9.66647e+07 -4.76837e-07
6.83928e+07 -9.67221e+07 4.76837e-07
6.84334e+07 -9.67794e+07 -4.76837e-07
6.84739e+07 -9.68367e+07 4.76837e-07
6.85144e+07 -9.6894e+07 -4.76837e-07
6.8555e+07 -9.69514e+07 4.76837e-07
6.85955e+07 -9.70087e+07 -4.76837e-07
6.8636e+07 -9.7066e+07 4.76837e-07
6.86766e+07 -9.71234e+07 -4.76837e-07
6.87171e+07 -9.71807e+07 4.76837e-07
6.87577e+07 -9.7238e+07 -4.76837e-07
6.87982e+07 -9.72953e+07 4.76837e-07
6.88387e+07 -9.73527e+07 0
6.88793e+07 -9.741e+07 4.76837e-07
6.89198e+07 -9.74673e+07 0
6.89603e+07 -9.75246e+07 4.76837e-07
6.90009e+07 -9.7582e+07 0
6.90414e+07 -9.76393e+07 4.76837e-07
6.90819e+07 -9.76966e+07 0
6.91225e+07 -9.7754e+07 0
6.9163e+07 -9.78113e+07 0
6.92036e+07 -9.78686e+07 4.76837e-07
6.92441e+07 -9.79259e+07 0
6.92846e+07 -9.79833e+07 0
6.93252e+07 -9.80406e+07 0
