f'cc28MPa = 46.01 MPa, ecc28MPa = 0.0084
f'cc35MPa = 53.73 MPa, ecc35MPa = 0.0074
f'cc42MPa = 61.26 MPa, ecc42MPa = 0.0066
f'cc70MPa = 90.47 MPa, ecc70MPa = 0.0049
Axial_Strain Axial_Load(kN)
1.250000e-05 1.203756e+02
2.500000e-05 2.403135e+02
3.750000e-05 3.598138e+02
5.000000e-05 4.788763e+02
6.250000e-05 5.975012e+02
7.500000e-05 7.156885e+02
8.750000e-05 8.334380e+02
1.000000e-04 9.507499e+02
1.125000e-04 1.067624e+03
1.250000e-04 1.184061e+03
1.375000e-04 1.300059e+03
1.500000e-04 1.415621e+03
1.625000e-04 1.530744e+03
1.750000e-04 1.645430e+03
1.875000e-04 1.759678e+03
2.000000e-04 1.873489e+03
2.125000e-04 1.986861e+03
2.250000e-04 2.099797e+03
2.375000e-04 2.212294e+03
2.500000e-04 2.324354e+03
2.625000e-04 2.435976e+03
2.750000e-04 2.547160e+03
2.875000e-04 2.657907e+03
3.000000e-04 2.768216e+03
3.125000e-04 2.878088e+03
3.250000e-04 2.987521e+03
3.375000e-04 3.096517e+03
3.500000e-04 3.205076e+03
3.625000e-04 3.313197e+03
3.750000e-04 3.420880e+03
3.875000e-04 3.528125e+03
4.000000e-04 3.634933e+03
4.125000e-04 3.741303e+03
4.250000e-04 3.847235e+03
4.375000e-04 3.952730e+03
4.500000e-04 4.057787e+03
4.625000e-04 4.162406e+03
4.750000e-04 4.266588e+03
4.875000e-04 4.370332e+03
5.000000e-04 4.473638e+03
5.125000e-04 4.576507e+03
5.250000e-04 4.678938e+03
5.375000e-04 4.780931e+03
5.500000e-04 4.882487e+03
5.625000e-04 4.983605e+03
5.750000e-04 5.084285e+03
5.875000e-04 5.184528e+03
6.000000e-04 5.284333e+03
6.125000e-04 5.383700e+03
6.250000e-04 5.482629e+03
6.375000e-04 5.581121e+03
6.500000e-04 5.679176e+03
6.625000e-04 5.776792e+03
6.750000e-04 5.873971e+03
6.875000e-04 5.970712e+03
7.000000e-04 6.067016e+03
7.125000e-04 6.162882e+03
7.250000e-04 6.258310e+03
7.375000e-04 6.353300e+03
7.500000e-04 6.447853e+03
7.625000e-04 6.541968e+03
7.750000e-04 6.635646e+03
7.875000e-04 6.728886e+03
8.000000e-04 6.821688e+03
8.125000e-04 6.914052e+03
8.250000e-04 7.005979e+03
8.375000e-04 7.097468e+03
8.500000e-04 7.188519e+03
8.625000e-04 7.279133e+03
8.750000e-04 7.369309e+03
8.875000e-04 7.459047e+03
9.000000e-04 7.548347e+03
9.125000e-04 7.637210e+03
9.250000e-04 7.725635e+03
9.375000e-04 7.813623e+03
9.500000e-04 7.901172e+03
9.625000e-04 7.988284e+03
9.750000e-04 8.074958e+03
9.875000e-04 8.161194e+03
1.000000e-03 8.246993e+03
1.012500e-03 8.332354e+03
1.025000e-03 8.417277e+03
1.037500e-03 8.501762e+03
1.050000e-03 8.585809e+03
1.062500e-03 8.669419e+03
1.075000e-03 8.752590e+03
1.087500e-03 8.835324e+03
1.100000e-03 8.917620e+03
1.112500e-03 8.999478e+03
1.125000e-03 9.080898e+03
1.137500e-03 9.161879e+03
1.150000e-03 9.242423e+03
1.162500e-03 9.322529e+03
1.175000e-03 9.402197e+03
1.187500e-03 9.481426e+03
1.200000e-03 9.560217e+03
1.212500e-03 9.638570e+03
1.225000e-03 9.716485e+03
1.237500e-03 9.793961e+03
1.250000e-03 9.870999e+03
1.262500e-03 9.947598e+03
1.275000e-03 1.002376e+04
1.287500e-03 1.009948e+04
1.300000e-03 1.017476e+04
1.312500e-03 1.024961e+04
1.325000e-03 1.032401e+04
1.337500e-03 1.039798e+04
1.350000e-03 1.047151e+04
1.362500e-03 1.054459e+04
1.375000e-03 1.061724e+04
1.387500e-03 1.068945e+04
1.400000e-03 1.076122e+04
1.412500e-03 1.083255e+04
1.425000e-03 1.090343e+04
1.437500e-03 1.097388e+04
1.450000e-03 1.104389e+04
1.462500e-03 1.111345e+04
1.475000e-03 1.118258e+04
1.487500e-03 1.125126e+04
1.500000e-03 1.131950e+04
1.512500e-03 1.138730e+04
1.525000e-03 1.145466e+04
1.537500e-03 1.152157e+04
1.550000e-03 1.158804e+04
1.562500e-03 1.165407e+04
1.575000e-03 1.171965e+04
1.587500e-03 1.178479e+04
1.600000e-03 1.184948e+04
1.612500e-03 1.191373e+04
1.625000e-03 1.197753e+04
1.637500e-03 1.204089e+04
1.650000e-03 1.210379e+04
1.662500e-03 1.216625e+04
1.675000e-03 1.222826e+04
1.687500e-03 1.228982e+04
1.700000e-03 1.235093e+04
1.712500e-03 1.241159e+04
1.725000e-03 1.247180e+04
1.737500e-03 1.253155e+04
1.750000e-03 1.259085e+04
1.762500e-03 1.264970e+04
1.775000e-03 1.270809e+04
1.787500e-03 1.276602e+04
1.800000e-03 1.282349e+04
1.812500e-03 1.288050e+04
1.825000e-03 1.293705e+04
1.837500e-03 1.299314e+04
1.850000e-03 1.304876e+04
1.862500e-03 1.310391e+04
1.875000e-03 1.315860e+04
1.887500e-03 1.321282e+04
1.900000e-03 1.326657e+04
1.912500e-03 1.331984e+04
1.925000e-03 1.337264e+04
1.937500e-03 1.342496e+04
1.950000e-03 1.347680e+04
1.962500e-03 1.352816e+04
1.975000e-03 1.357904e+04
1.987500e-03 1.362942e+04
2.000000e-03 1.367932e+04
2.012500e-03 1.369943e+04
2.025000e-03 1.371941e+04
2.037500e-03 1.373927e+04
2.050000e-03 1.375899e+04
2.062500e-03 1.377858e+04
2.075000e-03 1.379802e+04
2.087500e-03 1.381732e+04
2.100000e-03 1.383648e+04
2.112500e-03 1.385549e+04
2.125000e-03 1.387434e+04
2.137500e-03 1.389303e+04
2.150000e-03 1.391157e+04
2.162500e-03 1.392994e+04
2.175000e-03 1.394814e+04
2.187500e-03 1.396616e+04
2.200000e-03 1.398401e+04
2.212500e-03 1.400167e+04
2.225000e-03 1.401914e+04
2.237500e-03 1.403643e+04
2.250000e-03 1.405352e+04
2.262500e-03 1.407040e+04
2.275000e-03 1.408708e+04
2.287500e-03 1.410355e+04
2.300000e-03 1.411981e+04
2.312500e-03 1.413584e+04
2.325000e-03 1.415165e+04
2.337500e-03 1.416722e+04
2.350000e-03 1.418257e+04
2.362500e-03 1.419767e+04
2.375000e-03 1.421253e+04
2.387500e-03 1.422713e+04
2.400000e-03 1.424149e+04
2.412500e-03 1.425558e+04
2.425000e-03 1.426941e+04
2.437500e-03 1.428298e+04
2.450000e-03 1.429627e+04
2.462500e-03 1.430928e+04
2.475000e-03 1.432201e+04
2.487500e-03 1.433446e+04
2.500000e-03 1.434662e+04
2.512500e-03 1.435849e+04
2.525000e-03 1.437007e+04
2.537500e-03 1.438134e+04
2.550000e-03 1.439232e+04
2.562500e-03 1.440299e+04
2.575000e-03 1.441336e+04
2.587500e-03 1.442342e+04
2.600000e-03 1.443317e+04
2.612500e-03 1.444260e+04
2.625000e-03 1.445173e+04
2.637500e-03 1.446054e+04
2.650000e-03 1.446904e+04
2.662500e-03 1.447722e+04
2.675000e-03 1.448508e+04
2.687500e-03 1.449263e+04
2.700000e-03 1.449987e+04
2.712500e-03 1.450679e+04
2.725000e-03 1.451340e+04
2.737500e-03 1.451970e+04
2.750000e-03 1.452568e+04
2.762500e-03 1.453136e+04
2.775000e-03 1.453673e+04
2.787500e-03 1.454179e+04
2.800000e-03 1.454656e+04
2.812500e-03 1.455102e+04
2.825000e-03 1.455518e+04
2.837500e-03 1.455905e+04
2.850000e-03 1.456263e+04
2.862500e-03 1.456592e+04
2.875000e-03 1.456892e+04
2.887500e-03 1.457165e+04
2.900000e-03 1.457409e+04
2.912500e-03 1.457627e+04
2.925000e-03 1.457817e+04
2.937500e-03 1.457981e+04
2.950000e-03 1.458118e+04
2.962500e-03 1.458230e+04
2.975000e-03 1.458316e+04
2.987500e-03 1.458377e+04
3.000000e-03 1.458414e+04
3.012500e-03 1.458427e+04
3.025000e-03 1.458416e+04
3.037500e-03 1.458382e+04
3.050000e-03 1.458325e+04
3.062500e-03 1.458245e+04
3.075000e-03 1.458144e+04
3.087500e-03 1.458021e+04
3.100000e-03 1.457877e+04
3.112500e-03 1.457711e+04
3.125000e-03 1.457526e+04
3.137500e-03 1.457321e+04
3.150000e-03 1.457096e+04
3.162500e-03 1.456851e+04
3.175000e-03 1.456588e+04
3.187500e-03 1.456307e+04
3.200000e-03 1.456007e+04
3.212500e-03 1.455690e+04
3.225000e-03 1.455355e+04
3.237500e-03 1.455003e+04
3.250000e-03 1.454634e+04
3.262500e-03 1.454249e+04
3.275000e-03 1.453848e+04
3.287500e-03 1.453431e+04
3.300000e-03 1.452999e+04
3.312500e-03 1.452551e+04
3.325000e-03 1.452088e+04
3.337500e-03 1.451611e+04
3.350000e-03 1.451119e+04
3.362500e-03 1.450613e+04
3.375000e-03 1.450094e+04
3.387500e-03 1.449560e+04
3.400000e-03 1.449013e+04
3.412500e-03 1.448453e+04
3.425000e-03 1.447880e+04
3.437500e-03 1.447295e+04
3.450000e-03 1.446696e+04
3.462500e-03 1.446086e+04
3.475000e-03 1.445463e+04
3.487500e-03 1.444828e+04
3.500000e-03 1.444182e+04
3.512500e-03 1.443523e+04
3.525000e-03 1.442854e+04
3.537500e-03 1.442173e+04
3.550000e-03 1.441481e+04
3.562500e-03 1.440778e+04
3.575000e-03 1.440064e+04
3.587500e-03 1.439339e+04
3.600000e-03 1.438604e+04
3.612500e-03 1.437859e+04
3.625000e-03 1.437103e+04
3.637500e-03 1.436337e+04
3.650000e-03 1.435561e+04
3.662500e-03 1.434775e+04
3.675000e-03 1.433979e+04
3.687500e-03 1.433173e+04
3.700000e-03 1.432358e+04
3.712500e-03 1.431533e+04
3.725000e-03 1.430699e+04
3.737500e-03 1.429855e+04
3.750000e-03 1.429002e+04
3.762500e-03 1.428140e+04
3.775000e-03 1.427269e+04
3.787500e-03 1.426388e+04
3.800000e-03 1.425499e+04
3.812500e-03 1.424601e+04
3.825000e-03 1.423694e+04
3.837500e-03 1.422778e+04
3.850000e-03 1.421854e+04
3.862500e-03 1.420921e+04
3.875000e-03 1.419979e+04
3.887500e-03 1.419029e+04
3.900000e-03 1.418070e+04
3.912500e-03 1.417103e+04
3.925000e-03 1.416128e+04
3.937500e-03 1.415144e+04
3.950000e-03 1.414152e+04
3.962500e-03 1.413152e+04
3.975000e-03 1.412144e+04
3.987500e-03 1.411127e+04
4.000000e-03 1.410103e+04
4.012500e-03 1.412018e+04
4.025000e-03 1.413925e+04
4.037500e-03 1.415824e+04
4.050000e-03 1.417715e+04
4.062500e-03 1.419598e+04
4.075000e-03 1.421474e+04
4.087500e-03 1.423341e+04
4.100000e-03 1.425201e+04
4.112500e-03 1.427053e+04
4.125000e-03 1.428897e+04
4.137500e-03 1.430734e+04
4.150000e-03 1.432562e+04
4.162500e-03 1.434383e+04
4.175000e-03 1.436197e+04
4.187500e-03 1.438003e+04
4.200000e-03 1.439801e+04
4.212500e-03 1.441591e+04
4.225000e-03 1.443374e+04
4.237500e-03 1.445150e+04
4.250000e-03 1.446918e+04
4.262500e-03 1.448678e+04
4.275000e-03 1.450431e+04
4.287500e-03 1.452176e+04
4.300000e-03 1.453914e+04
4.312500e-03 1.455645e+04
4.325000e-03 1.457368e+04
4.337500e-03 1.459083e+04
4.350000e-03 1.460791e+04
4.362500e-03 1.462492e+04
4.375000e-03 1.464186e+04
4.387500e-03 1.465872e+04
4.400000e-03 1.467550e+04
4.412500e-03 1.469222e+04
4.425000e-03 1.470886e+04
4.437500e-03 1.472542e+04
4.450000e-03 1.474192e+04
4.462500e-03 1.475834e+04
4.475000e-03 1.477469e+04
4.487500e-03 1.479096e+04
4.500000e-03 1.480717e+04
4.512500e-03 1.482330e+04
4.525000e-03 1.483935e+04
4.537500e-03 1.485534e+04
4.550000e-03 1.487125e+04
4.562500e-03 1.488709e+04
4.575000e-03 1.490286e+04
4.587500e-03 1.491855e+04
4.600000e-03 1.493418e+04
4.612500e-03 1.494973e+04
4.625000e-03 1.496521e+04
4.637500e-03 1.498062e+04
4.650000e-03 1.499595e+04
4.662500e-03 1.501122e+04
4.675000e-03 1.502641e+04
4.687500e-03 1.504153e+04
4.700000e-03 1.505658e+04
4.712500e-03 1.507156e+04
4.725000e-03 1.508647e+04
4.737500e-03 1.510130e+04
4.750000e-03 1.511606e+04
4.762500e-03 1.513076e+04
4.775000e-03 1.514538e+04
4.787500e-03 1.515993e+04
4.800000e-03 1.517441e+04
4.812500e-03 1.518881e+04
4.825000e-03 1.520315e+04
4.837500e-03 1.521741e+04
4.850000e-03 1.523161e+04
4.862500e-03 1.524573e+04
4.875000e-03 1.525978e+04
4.887500e-03 1.527376e+04
4.900000e-03 1.528767e+04
4.912500e-03 1.530151e+04
4.925000e-03 1.531528e+04
4.937500e-03 1.532898e+04
4.950000e-03 1.534260e+04
4.962500e-03 1.535616e+04
4.975000e-03 1.536964e+04
4.987500e-03 1.538306e+04
5.000000e-03 1.539640e+04
5.012500e-03 1.540967e+04
5.025000e-03 1.542287e+04
5.037500e-03 1.543601e+04
5.050000e-03 1.544907e+04
5.062500e-03 1.546206e+04
5.075000e-03 1.547497e+04
5.087500e-03 1.548782e+04
5.100000e-03 1.550060e+04
5.112500e-03 1.551331e+04
5.125000e-03 1.552595e+04
5.137500e-03 1.553851e+04
5.150000e-03 1.555101e+04
5.162500e-03 1.556343e+04
5.175000e-03 1.557579e+04
5.187500e-03 1.558807e+04
5.200000e-03 1.560029e+04
5.212500e-03 1.561243e+04
5.225000e-03 1.562450e+04
5.237500e-03 1.563650e+04
5.250000e-03 1.564844e+04
5.262500e-03 1.566030e+04
5.275000e-03 1.567209e+04
5.287500e-03 1.568381e+04
5.300000e-03 1.569546e+04
5.312500e-03 1.570704e+04
5.325000e-03 1.571855e+04
5.337500e-03 1.572999e+04
5.350000e-03 1.574136e+04
5.362500e-03 1.575266e+04
5.375000e-03 1.576389e+04
5.387500e-03 1.577505e+04
5.400000e-03 1.578614e+04
5.412500e-03 1.579715e+04
5.425000e-03 1.580810e+04
5.437500e-03 1.581898e+04
5.450000e-03 1.582979e+04
5.462500e-03 1.584052e+04
5.475000e-03 1.585119e+04
5.487500e-03 1.586179e+04
5.500000e-03 1.587231e+04
5.512500e-03 1.588277e+04
5.525000e-03 1.589315e+04
5.537500e-03 1.590347e+04
5.550000e-03 1.591371e+04
5.562500e-03 1.592389e+04
5.575000e-03 1.593400e+04
5.587500e-03 1.594403e+04
5.600000e-03 1.595400e+04
5.612500e-03 1.596389e+04
5.625000e-03 1.597371e+04
5.637500e-03 1.598347e+04
5.650000e-03 1.599315e+04
5.662500e-03 1.600277e+04
5.675000e-03 1.601231e+04
5.687500e-03 1.602178e+04
5.700000e-03 1.603119e+04
5.712500e-03 1.604052e+04
5.725000e-03 1.604978e+04
5.737500e-03 1.605898e+04
5.750000e-03 1.606810e+04
5.762500e-03 1.607715e+04
5.775000e-03 1.608614e+04
5.787500e-03 1.609505e+04
5.800000e-03 1.610389e+04
5.812500e-03 1.611266e+04
5.825000e-03 1.612137e+04
5.837500e-03 1.613000e+04
5.850000e-03 1.613856e+04
5.862500e-03 1.614705e+04
5.875000e-03 1.615548e+04
5.887500e-03 1.616383e+04
5.900000e-03 1.617211e+04
5.912500e-03 1.618032e+04
5.925000e-03 1.618846e+04
5.937500e-03 1.619654e+04
5.950000e-03 1.620454e+04
5.962500e-03 1.621247e+04
5.975000e-03 1.622033e+04
5.987500e-03 1.622812e+04
6.000000e-03 1.623584e+04
6.012500e-03 1.624350e+04
6.025000e-03 1.625108e+04
6.037500e-03 1.625859e+04
6.050000e-03 1.626603e+04
6.062500e-03 1.627340e+04
6.075000e-03 1.628070e+04
6.087500e-03 1.628793e+04
6.100000e-03 1.629510e+04
6.112500e-03 1.630219e+04
6.125000e-03 1.630921e+04
6.137500e-03 1.631616e+04
6.150000e-03 1.632304e+04
6.162500e-03 1.632985e+04
6.175000e-03 1.633659e+04
6.187500e-03 1.634326e+04
6.200000e-03 1.634986e+04
6.212500e-03 1.635639e+04
6.225000e-03 1.636285e+04
6.237500e-03 1.636925e+04
6.250000e-03 1.637557e+04
6.262500e-03 1.638182e+04
6.275000e-03 1.638800e+04
6.287500e-03 1.639411e+04
6.300000e-03 1.640015e+04
6.312500e-03 1.640612e+04
6.325000e-03 1.641202e+04
6.337500e-03 1.641785e+04
6.350000e-03 1.642361e+04
6.362500e-03 1.642930e+04
6.375000e-03 1.643492e+04
6.387500e-03 1.644047e+04
6.400000e-03 1.644595e+04
6.412500e-03 1.645137e+04
6.425000e-03 1.645671e+04
6.437500e-03 1.646198e+04
6.450000e-03 1.646718e+04
6.462500e-03 1.647231e+04
6.475000e-03 1.647737e+04
6.487500e-03 1.648236e+04
6.500000e-03 1.648728e+04
6.512500e-03 1.649213e+04
6.525000e-03 1.649691e+04
6.537500e-03 1.650162e+04
6.550000e-03 1.650626e+04
6.562500e-03 1.651083e+04
6.575000e-03 1.651533e+04
6.587500e-03 1.651976e+04
6.600000e-03 1.652412e+04
6.612500e-03 1.652841e+04
6.625000e-03 1.653264e+04
6.637500e-03 1.653679e+04
6.650000e-03 1.654087e+04
6.662500e-03 1.654488e+04
6.675000e-03 1.654882e+04
6.687500e-03 1.655269e+04
6.700000e-03 1.655649e+04
6.712500e-03 1.656022e+04
6.725000e-03 1.656388e+04
6.737500e-03 1.656747e+04
6.750000e-03 1.657099e+04
6.762500e-03 1.657444e+04
6.775000e-03 1.657782e+04
6.787500e-03 1.658113e+04
6.800000e-03 1.658437e+04
6.812500e-03 1.658755e+04
6.825000e-03 1.659065e+04
6.837500e-03 1.659368e+04
6.850000e-03 1.659664e+04
6.862500e-03 1.659953e+04
6.875000e-03 1.660235e+04
6.887500e-03 1.660510e+04
6.900000e-03 1.660778e+04
6.912500e-03 1.661039e+04
6.925000e-03 1.661293e+04
6.937500e-03 1.661540e+04
6.950000e-03 1.661780e+04
6.962500e-03 1.662014e+04
6.975000e-03 1.662240e+04
6.987500e-03 1.662459e+04
7.000000e-03 1.662671e+04
7.012500e-03 1.662876e+04
7.025000e-03 1.663074e+04
7.037500e-03 1.663265e+04
7.050000e-03 1.663449e+04
7.062500e-03 1.663626e+04
7.075000e-03 1.663796e+04
7.087500e-03 1.663960e+04
7.100000e-03 1.664116e+04
7.112500e-03 1.664265e+04
7.125000e-03 1.664407e+04
7.137500e-03 1.664542e+04
7.150000e-03 1.664670e+04
7.162500e-03 1.664791e+04
7.175000e-03 1.664905e+04
7.187500e-03 1.665013e+04
7.200000e-03 1.665113e+04
7.212500e-03 1.665206e+04
7.225000e-03 1.665292e+04
7.237500e-03 1.665371e+04
7.250000e-03 1.665443e+04
7.262500e-03 1.665508e+04
7.275000e-03 1.665566e+04
7.287500e-03 1.665618e+04
7.300000e-03 1.665662e+04
7.312500e-03 1.665699e+04
7.325000e-03 1.665729e+04
7.337500e-03 1.665752e+04
7.350000e-03 1.665768e+04
7.362500e-03 1.664978e+04
7.375000e-03 1.664032e+04
7.387500e-03 1.663087e+04
7.400000e-03 1.662142e+04
7.412500e-03 1.661196e+04
7.425000e-03 1.660251e+04
7.437500e-03 1.659306e+04
7.450000e-03 1.658360e+04
7.462500e-03 1.657415e+04
7.475000e-03 1.656469e+04
7.487500e-03 1.655524e+04
7.500000e-03 1.654579e+04
7.512500e-03 1.653633e+04
7.525000e-03 1.652688e+04
7.537500e-03 1.651742e+04
7.550000e-03 1.650797e+04
7.562500e-03 1.649852e+04
7.575000e-03 1.648906e+04
7.587500e-03 1.647961e+04
7.600000e-03 1.647016e+04
7.612500e-03 1.646070e+04
7.625000e-03 1.645125e+04
7.637500e-03 1.644179e+04
7.650000e-03 1.643234e+04
7.662500e-03 1.642289e+04
7.675000e-03 1.641343e+04
7.687500e-03 1.640398e+04
7.700000e-03 1.639453e+04
7.712500e-03 1.638507e+04
7.725000e-03 1.637562e+04
7.737500e-03 1.636616e+04
7.750000e-03 1.635671e+04
7.762500e-03 1.634726e+04
7.775000e-03 1.633780e+04
7.787500e-03 1.632835e+04
7.800000e-03 1.631889e+04
7.812500e-03 1.630944e+04
7.825000e-03 1.629999e+04
7.837500e-03 1.629053e+04
7.850000e-03 1.628108e+04
7.862500e-03 1.627163e+04
7.875000e-03 1.626217e+04
7.887500e-03 1.625272e+04
7.900000e-03 1.624326e+04
7.912500e-03 1.623381e+04
7.925000e-03 1.622436e+04
7.937500e-03 1.621490e+04
7.950000e-03 1.620545e+04
7.962500e-03 1.619600e+04
7.975000e-03 1.618654e+04
7.987500e-03 1.617709e+04
8.000000e-03 1.616763e+04
8.012500e-03 1.615818e+04
8.025000e-03 1.614873e+04
8.037500e-03 1.613927e+04
8.050000e-03 1.612982e+04
8.062500e-03 1.612036e+04
8.075000e-03 1.611091e+04
8.087500e-03 1.610146e+04
8.100000e-03 1.609200e+04
8.112500e-03 1.608255e+04
8.125000e-03 1.607310e+04
8.137500e-03 1.606364e+04
8.150000e-03 1.605419e+04
8.162500e-03 1.604473e+04
8.175000e-03 1.603528e+04
8.187500e-03 1.602583e+04
8.200000e-03 1.601637e+04
8.212500e-03 1.600692e+04
8.225000e-03 1.599747e+04
8.237500e-03 1.598801e+04
8.250000e-03 1.597856e+04
8.262500e-03 1.596910e+04
8.275000e-03 1.595965e+04
8.287500e-03 1.595020e+04
8.300000e-03 1.594074e+04
8.312500e-03 1.593129e+04
8.325000e-03 1.592184e+04
8.337500e-03 1.591238e+04
8.350000e-03 1.590293e+04
8.362500e-03 1.589347e+04
8.375000e-03 1.588402e+04
8.387500e-03 1.587457e+04
8.400000e-03 1.586511e+04
8.412500e-03 1.585566e+04
8.425000e-03 1.584621e+04
8.437500e-03 1.583675e+04
8.450000e-03 1.582730e+04
8.462500e-03 1.581784e+04
8.475000e-03 1.580839e+04
8.487500e-03 1.579894e+04
8.500000e-03 1.578948e+04
8.512500e-03 1.578003e+04
8.525000e-03 1.577058e+04
8.537500e-03 1.576112e+04
8.550000e-03 1.575167e+04
8.562500e-03 1.574221e+04
8.575000e-03 1.573276e+04
8.587500e-03 1.572331e+04
8.600000e-03 1.571385e+04
8.612500e-03 1.570440e+04
8.625000e-03 1.569495e+04
8.637500e-03 1.568549e+04
8.650000e-03 1.567604e+04
8.662500e-03 1.566658e+04
8.675000e-03 1.565713e+04
8.687500e-03 1.564768e+04
8.700000e-03 1.563822e+04
8.712500e-03 1.562877e+04
8.725000e-03 1.561932e+04
8.737500e-03 1.560986e+04
8.750000e-03 1.560041e+04
8.762500e-03 1.559096e+04
8.775000e-03 1.558150e+04
8.787500e-03 1.557205e+04
8.800000e-03 1.556259e+04
8.812500e-03 1.555314e+04
8.825000e-03 1.554369e+04
8.837500e-03 1.553423e+04
8.850000e-03 1.552478e+04
8.862500e-03 1.551533e+04
8.875000e-03 1.550587e+04
8.887500e-03 1.549642e+04
8.900000e-03 1.548696e+04
8.912500e-03 1.547751e+04
8.925000e-03 1.546806e+04
8.937500e-03 1.545860e+04
8.950000e-03 1.544915e+04
8.962500e-03 1.543970e+04
8.975000e-03 1.543024e+04
8.987500e-03 1.542079e+04
9.000000e-03 1.541134e+04
9.012500e-03 1.540188e+04
9.025000e-03 1.539243e+04
9.037500e-03 1.538297e+04
9.050000e-03 1.537352e+04
9.062500e-03 1.536407e+04
9.075000e-03 1.535461e+04
9.087500e-03 1.534516e+04
9.100000e-03 1.533571e+04
9.112500e-03 1.532625e+04
9.125000e-03 1.531680e+04
9.137500e-03 1.530735e+04
9.150000e-03 1.529789e+04
9.162500e-03 1.528844e+04
9.175000e-03 1.527899e+04
9.187500e-03 1.526953e+04
9.200000e-03 1.526008e+04
9.212500e-03 1.525062e+04
9.225000e-03 1.524117e+04
9.237500e-03 1.523172e+04
9.250000e-03 1.522226e+04
9.262500e-03 1.521281e+04
9.275000e-03 1.520336e+04
9.287500e-03 1.519390e+04
9.300000e-03 1.518445e+04
9.312500e-03 1.517500e+04
9.325000e-03 1.516554e+04
9.337500e-03 1.515609e+04
9.350000e-03 1.514664e+04
9.362500e-03 1.513718e+04
9.375000e-03 1.512773e+04
9.387500e-03 1.511827e+04
9.400000e-03 1.510882e+04
9.412500e-03 1.509937e+04
9.425000e-03 1.508991e+04
9.437500e-03 1.508046e+04
9.450000e-03 1.507101e+04
9.462500e-03 1.506155e+04
9.475000e-03 1.505210e+04
9.487500e-03 1.504265e+04
9.500000e-03 1.503319e+04
9.512500e-03 1.502374e+04
9.525000e-03 1.501429e+04
9.537500e-03 1.500483e+04
9.550000e-03 1.499538e+04
9.562500e-03 1.498593e+04
9.575000e-03 1.497647e+04
9.587500e-03 1.496702e+04
9.600000e-03 1.495757e+04
9.612500e-03 1.494811e+04
9.625000e-03 1.493866e+04
9.637500e-03 1.492920e+04
9.650000e-03 1.491975e+04
9.662500e-03 1.491030e+04
9.675000e-03 1.490084e+04
9.687500e-03 1.489139e+04
9.700000e-03 1.488194e+04
9.712500e-03 1.487248e+04
9.725000e-03 1.486303e+04
9.737500e-03 1.485358e+04
9.750000e-03 1.484412e+04
9.762500e-03 1.483467e+04
9.775000e-03 1.482522e+04
9.787500e-03 1.481576e+04
9.800000e-03 1.480631e+04
9.812500e-03 1.479686e+04
9.825000e-03 1.478740e+04
9.837500e-03 1.477795e+04
9.850000e-03 1.476850e+04
9.862500e-03 1.475904e+04
9.875000e-03 1.474959e+04
9.887500e-03 1.474014e+04
9.900000e-03 1.473068e+04
9.912500e-03 1.472123e+04
9.925000e-03 1.471178e+04
9.937500e-03 1.470232e+04
9.950000e-03 1.469287e+04
9.962500e-03 1.468342e+04
9.975000e-03 1.467396e+04
9.987500e-03 1.466451e+04
1.000000e-02 1.465506e+04
1.001250e-02 1.464560e+04
1.002500e-02 1.463615e+04
1.003750e-02 1.462670e+04
1.005000e-02 1.461724e+04
1.006250e-02 1.460779e+04
1.007500e-02 1.459834e+04
1.008750e-02 1.458888e+04
1.010000e-02 1.457943e+04
1.011250e-02 1.456998e+04
1.012500e-02 1.456052e+04
1.013750e-02 1.455107e+04
1.015000e-02 1.454162e+04
1.016250e-02 1.453216e+04
1.017500e-02 1.452271e+04
1.018750e-02 1.451326e+04
1.020000e-02 1.450380e+04
1.021250e-02 1.449435e+04
1.022500e-02 1.448490e+04
1.023750e-02 1.447544e+04
1.025000e-02 1.446599e+04
1.026250e-02 1.445654e+04
1.027500e-02 1.444708e+04
1.028750e-02 1.443763e+04
1.030000e-02 1.442818e+04
1.031250e-02 1.441872e+04
1.032500e-02 1.440927e+04
1.033750e-02 1.439982e+04
1.035000e-02 1.439036e+04
1.036250e-02 1.438091e+04
1.037500e-02 1.437146e+04
1.038750e-02 1.436200e+04
1.040000e-02 1.435255e+04
1.041250e-02 1.434310e+04
1.042500e-02 1.433364e+04
1.043750e-02 1.432419e+04
1.045000e-02 1.431474e+04
1.046250e-02 1.430528e+04
1.047500e-02 1.429583e+04
1.048750e-02 1.428638e+04
1.050000e-02 1.427692e+04
1.051250e-02 1.426747e+04
1.052500e-02 1.425802e+04
1.053750e-02 1.424856e+04
1.055000e-02 1.423911e+04
1.056250e-02 1.422966e+04
1.057500e-02 1.422020e+04
1.058750e-02 1.421075e+04
1.060000e-02 1.420130e+04
1.061250e-02 1.419184e+04
1.062500e-02 1.418239e+04
1.063750e-02 1.417294e+04
1.065000e-02 1.416349e+04
1.066250e-02 1.415403e+04
1.067500e-02 1.414458e+04
1.068750e-02 1.413513e+04
1.070000e-02 1.412567e+04
1.071250e-02 1.411622e+04
1.072500e-02 1.410677e+04
1.073750e-02 1.409731e+04
1.075000e-02 1.408786e+04
1.076250e-02 1.407841e+04
1.077500e-02 1.406895e+04
1.078750e-02 1.405950e+04
1.080000e-02 1.405005e+04
1.081250e-02 1.404059e+04
1.082500e-02 1.403114e+04
1.083750e-02 1.402169e+04
1.085000e-02 1.401223e+04
1.086250e-02 1.400278e+04
1.087500e-02 1.399333e+04
1.088750e-02 1.398388e+04
1.090000e-02 1.397442e+04
1.091250e-02 1.396497e+04
1.092500e-02 1.395552e+04
1.093750e-02 1.394606e+04
1.095000e-02 1.393661e+04
1.096250e-02 1.392716e+04
1.097500e-02 1.391770e+04
1.098750e-02 1.390825e+04
1.100000e-02 1.389880e+04
1.101250e-02 1.388934e+04
1.102500e-02 1.387989e+04
1.103750e-02 1.387044e+04
1.105000e-02 1.386099e+04
1.106250e-02 1.385153e+04
1.107500e-02 1.384208e+04
1.108750e-02 1.383263e+04
1.110000e-02 1.382317e+04
1.111250e-02 1.381372e+04
1.112500e-02 1.380427e+04
1.113750e-02 1.379481e+04
1.115000e-02 1.378536e+04
1.116250e-02 1.377591e+04
1.117500e-02 1.376645e+04
1.118750e-02 1.375700e+04
1.120000e-02 1.374755e+04
1.121250e-02 1.373810e+04
1.122500e-02 1.372864e+04
1.123750e-02 1.371919e+04
1.125000e-02 1.370974e+04
1.126250e-02 1.370028e+04
1.127500e-02 1.369083e+04
1.128750e-02 1.368138e+04
1.130000e-02 1.367192e+04
1.131250e-02 1.366247e+04
1.132500e-02 1.365302e+04
1.133750e-02 1.364357e+04
1.135000e-02 1.363411e+04
1.136250e-02 1.362466e+04
1.137500e-02 1.361521e+04
1.138750e-02 1.360575e+04
1.140000e-02 1.359630e+04
1.141250e-02 1.358685e+04
1.142500e-02 1.357739e+04
1.143750e-02 1.356794e+04
1.145000e-02 1.355849e+04
1.146250e-02 1.354904e+04
1.147500e-02 1.353958e+04
1.148750e-02 1.353013e+04
1.150000e-02 1.352068e+04
1.151250e-02 1.351122e+04
1.152500e-02 1.350177e+04
1.153750e-02 1.349232e+04
1.155000e-02 1.348287e+04
1.156250e-02 1.347341e+04
1.157500e-02 1.346396e+04
1.158750e-02 1.345451e+04
1.160000e-02 1.344505e+04
1.161250e-02 1.343560e+04
1.162500e-02 1.342615e+04
1.163750e-02 1.341670e+04
1.165000e-02 1.340724e+04
1.166250e-02 1.339779e+04
1.167500e-02 1.338834e+04
1.168750e-02 1.337888e+04
1.170000e-02 1.336943e+04
1.171250e-02 1.335998e+04
1.172500e-02 1.335052e+04
1.173750e-02 1.334107e+04
1.175000e-02 1.333162e+04
1.176250e-02 1.332217e+04
1.177500e-02 1.331271e+04
1.178750e-02 1.330326e+04
1.180000e-02 1.329381e+04
1.181250e-02 1.328435e+04
1.182500e-02 1.327490e+04
1.183750e-02 1.326545e+04
1.185000e-02 1.325600e+04
1.186250e-02 1.324654e+04
1.187500e-02 1.323709e+04
1.188750e-02 1.322764e+04
1.190000e-02 1.321819e+04
1.191250e-02 1.320873e+04
1.192500e-02 1.319928e+04
1.193750e-02 1.318983e+04
1.195000e-02 1.318037e+04
1.196250e-02 1.317092e+04
1.197500e-02 1.316147e+04
1.198750e-02 1.315202e+04
1.200000e-02 1.314256e+04
1.201250e-02 1.313311e+04
1.202500e-02 1.312366e+04
1.203750e-02 1.311420e+04
1.205000e-02 1.310475e+04
1.206250e-02 1.309530e+04
1.207500e-02 1.308585e+04
1.208750e-02 1.307639e+04
1.210000e-02 1.306694e+04
1.211250e-02 1.305749e+04
1.212500e-02 1.304803e+04
1.213750e-02 1.303858e+04
1.215000e-02 1.302913e+04
1.216250e-02 1.301968e+04
1.217500e-02 1.301022e+04
1.218750e-02 1.300077e+04
1.220000e-02 1.299132e+04
1.221250e-02 1.298187e+04
1.222500e-02 1.297241e+04
1.223750e-02 1.296296e+04
1.225000e-02 1.295351e+04
1.226250e-02 1.294405e+04
1.227500e-02 1.293460e+04
1.228750e-02 1.292515e+04
1.230000e-02 1.291570e+04
1.231250e-02 1.290624e+04
1.232500e-02 1.289679e+04
1.233750e-02 1.288734e+04
1.235000e-02 1.287789e+04
1.236250e-02 1.286843e+04
1.237500e-02 1.285898e+04
1.238750e-02 1.284953e+04
1.240000e-02 1.284008e+04
1.241250e-02 1.283062e+04
1.242500e-02 1.282117e+04
1.243750e-02 1.281172e+04
1.245000e-02 1.280226e+04
1.246250e-02 1.279281e+04
1.247500e-02 1.278336e+04
1.248750e-02 1.277391e+04
1.250000e-02 1.276445e+04
