f'cc28MPa = 46.01 MPa, ecc28MPa = 0.0084
f'cc70MPa = 90.47 MPa, ecc70MPa = 0.0049
Axial_Strain Axial_Load(kN)
1.250000e-05 2.413502e+02
2.500000e-05 4.817016e+02
3.750000e-05 7.210543e+02
5.000000e-05 9.594082e+02
6.250000e-05 1.196763e+03
7.500000e-05 1.433120e+03
8.750000e-05 1.668477e+03
1.000000e-04 1.902836e+03
1.125000e-04 2.136196e+03
1.250000e-04 2.368557e+03
1.375000e-04 2.599919e+03
1.500000e-04 2.830283e+03
1.625000e-04 3.059648e+03
1.750000e-04 3.288014e+03
1.875000e-04 3.515381e+03
2.000000e-04 3.741750e+03
2.125000e-04 3.967119e+03
2.250000e-04 4.191490e+03
2.375000e-04 4.414863e+03
2.500000e-04 4.637236e+03
2.625000e-04 4.858611e+03
2.750000e-04 5.078986e+03
2.875000e-04 5.298363e+03
3.000000e-04 5.516742e+03
3.125000e-04 5.734121e+03
3.250000e-04 5.950502e+03
3.375000e-04 6.165884e+03
3.500000e-04 6.380267e+03
3.625000e-04 6.593651e+03
3.750000e-04 6.806037e+03
3.875000e-04 7.017424e+03
4.000000e-04 7.227812e+03
4.125000e-04 7.437201e+03
4.250000e-04 7.645591e+03
4.375000e-04 7.852983e+03
4.500000e-04 8.059376e+03
4.625000e-04 8.264770e+03
4.750000e-04 8.469166e+03
4.875000e-04 8.672562e+03
5.000000e-04 8.874960e+03
5.125000e-04 9.076359e+03
5.250000e-04 9.276759e+03
5.375000e-04 9.476161e+03
5.500000e-04 9.674563e+03
5.625000e-04 9.871967e+03
5.750000e-04 1.006837e+04
5.875000e-04 1.026378e+04
6.000000e-04 1.045819e+04
6.125000e-04 1.065159e+04
6.250000e-04 1.084400e+04
6.375000e-04 1.103542e+04
6.500000e-04 1.122583e+04
6.625000e-04 1.141524e+04
6.750000e-04 1.160366e+04
6.875000e-04 1.179107e+04
7.000000e-04 1.197749e+04
7.125000e-04 1.216291e+04
7.250000e-04 1.234733e+04
7.375000e-04 1.253075e+04
7.500000e-04 1.271317e+04
7.625000e-04 1.289460e+04
7.750000e-04 1.307502e+04
7.875000e-04 1.325445e+04
8.000000e-04 1.343287e+04
8.125000e-04 1.361030e+04
8.250000e-04 1.378673e+04
8.375000e-04 1.396216e+04
8.500000e-04 1.413659e+04
8.625000e-04 1.431003e+04
8.750000e-04 1.448246e+04
8.875000e-04 1.465390e+04
9.000000e-04 1.482433e+04
9.125000e-04 1.499377e+04
9.250000e-04 1.516221e+04
9.375000e-04 1.532965e+04
9.500000e-04 1.549609e+04
9.625000e-04 1.566153e+04
9.750000e-04 1.582598e+04
9.875000e-04 1.598942e+04
1.000000e-03 1.615187e+04
1.012500e-03 1.631331e+04
1.025000e-03 1.647376e+04
1.037500e-03 1.663321e+04
1.050000e-03 1.679166e+04
1.062500e-03 1.694911e+04
1.075000e-03 1.710556e+04
1.087500e-03 1.726102e+04
1.100000e-03 1.741547e+04
1.112500e-03 1.756893e+04
1.125000e-03 1.772138e+04
1.137500e-03 1.787284e+04
1.150000e-03 1.802330e+04
1.162500e-03 1.817276e+04
1.175000e-03 1.832121e+04
1.187500e-03 1.846867e+04
1.200000e-03 1.861514e+04
1.212500e-03 1.876060e+04
1.225000e-03 1.890506e+04
1.237500e-03 1.904852e+04
1.250000e-03 1.919098e+04
1.262500e-03 1.933245e+04
1.275000e-03 1.947291e+04
1.287500e-03 1.961237e+04
1.300000e-03 1.975084e+04
1.312500e-03 1.988830e+04
1.325000e-03 2.002477e+04
1.337500e-03 2.016023e+04
1.350000e-03 2.029469e+04
1.362500e-03 2.042815e+04
1.375000e-03 2.056062e+04
1.387500e-03 2.069208e+04
1.400000e-03 2.082254e+04
1.412500e-03 2.095200e+04
1.425000e-03 2.108045e+04
1.437500e-03 2.120791e+04
1.450000e-03 2.133436e+04
1.462500e-03 2.145982e+04
1.475000e-03 2.158427e+04
1.487500e-03 2.170771e+04
1.500000e-03 2.183016e+04
1.512500e-03 2.195160e+04
1.525000e-03 2.207204e+04
1.537500e-03 2.219147e+04
1.550000e-03 2.230990e+04
1.562500e-03 2.242732e+04
1.575000e-03 2.254374e+04
1.587500e-03 2.265915e+04
1.600000e-03 2.277356e+04
1.612500e-03 2.288696e+04
1.625000e-03 2.299936e+04
1.637500e-03 2.311074e+04
1.650000e-03 2.322112e+04
1.662500e-03 2.333049e+04
1.675000e-03 2.343884e+04
1.687500e-03 2.354619e+04
1.700000e-03 2.365253e+04
1.712500e-03 2.375785e+04
1.725000e-03 2.386216e+04
1.737500e-03 2.396545e+04
1.750000e-03 2.406773e+04
1.762500e-03 2.416900e+04
1.775000e-03 2.426925e+04
1.787500e-03 2.436847e+04
1.800000e-03 2.446668e+04
1.812500e-03 2.456387e+04
1.825000e-03 2.466003e+04
1.837500e-03 2.475517e+04
1.850000e-03 2.484929e+04
1.862500e-03 2.494237e+04
1.875000e-03 2.503443e+04
1.887500e-03 2.512546e+04
1.900000e-03 2.521545e+04
1.912500e-03 2.530441e+04
1.925000e-03 2.539234e+04
1.937500e-03 2.547922e+04
1.950000e-03 2.556507e+04
1.962500e-03 2.564987e+04
1.975000e-03 2.573362e+04
1.987500e-03 2.581633e+04
2.000000e-03 2.589798e+04
2.012500e-03 2.592000e+04
2.025000e-03 2.594170e+04
2.037500e-03 2.596307e+04
2.050000e-03 2.598412e+04
2.062500e-03 2.600484e+04
2.075000e-03 2.602522e+04
2.087500e-03 2.604527e+04
2.100000e-03 2.606499e+04
2.112500e-03 2.608436e+04
2.125000e-03 2.610338e+04
2.137500e-03 2.612205e+04
2.150000e-03 2.614037e+04
2.162500e-03 2.615833e+04
2.175000e-03 2.617593e+04
2.187500e-03 2.619316e+04
2.200000e-03 2.621002e+04
2.212500e-03 2.622651e+04
2.225000e-03 2.624261e+04
2.237500e-03 2.625833e+04
2.250000e-03 2.627366e+04
2.262500e-03 2.628860e+04
2.275000e-03 2.630314e+04
2.287500e-03 2.631728e+04
2.300000e-03 2.633100e+04
2.312500e-03 2.634432e+04
2.325000e-03 2.635722e+04
2.337500e-03 2.636969e+04
2.350000e-03 2.638173e+04
2.362500e-03 2.639335e+04
2.375000e-03 2.640452e+04
2.387500e-03 2.641525e+04
2.400000e-03 2.642554e+04
2.412500e-03 2.643537e+04
2.425000e-03 2.644475e+04
2.437500e-03 2.645367e+04
2.450000e-03 2.646212e+04
2.462500e-03 2.647010e+04
2.475000e-03 2.647761e+04
2.487500e-03 2.648465e+04
2.500000e-03 2.649120e+04
2.512500e-03 2.649727e+04
2.525000e-03 2.650285e+04
2.537500e-03 2.650794e+04
2.550000e-03 2.651254e+04
2.562500e-03 2.651664e+04
2.575000e-03 2.652024e+04
2.587500e-03 2.652334e+04
2.600000e-03 2.652594e+04
2.612500e-03 2.652803e+04
2.625000e-03 2.652962e+04
2.637500e-03 2.653071e+04
2.650000e-03 2.653128e+04
2.662500e-03 2.653135e+04
2.675000e-03 2.653091e+04
2.687500e-03 2.652997e+04
2.700000e-03 2.652851e+04
2.712500e-03 2.652655e+04
2.725000e-03 2.652408e+04
2.737500e-03 2.652111e+04
2.750000e-03 2.651764e+04
2.762500e-03 2.651366e+04
2.775000e-03 2.650918e+04
2.787500e-03 2.650421e+04
2.800000e-03 2.649874e+04
2.812500e-03 2.649277e+04
2.825000e-03 2.648632e+04
2.837500e-03 2.647938e+04
2.850000e-03 2.647195e+04
2.862500e-03 2.646405e+04
2.875000e-03 2.645567e+04
2.887500e-03 2.644681e+04
2.900000e-03 2.643748e+04
2.912500e-03 2.642769e+04
2.925000e-03 2.641743e+04
2.937500e-03 2.640672e+04
2.950000e-03 2.639555e+04
2.962500e-03 2.638393e+04
2.975000e-03 2.637187e+04
2.987500e-03 2.635936e+04
3.000000e-03 2.634641e+04
3.012500e-03 2.633303e+04
3.025000e-03 2.631923e+04
3.037500e-03 2.630499e+04
3.050000e-03 2.629034e+04
3.062500e-03 2.627526e+04
3.075000e-03 2.625978e+04
3.087500e-03 2.624389e+04
3.100000e-03 2.622759e+04
3.112500e-03 2.621089e+04
3.125000e-03 2.619380e+04
3.137500e-03 2.617631e+04
3.150000e-03 2.615843e+04
3.162500e-03 2.614017e+04
3.175000e-03 2.612153e+04
3.187500e-03 2.610251e+04
3.200000e-03 2.608312e+04
3.212500e-03 2.606336e+04
3.225000e-03 2.604323e+04
3.237500e-03 2.602273e+04
3.250000e-03 2.600188e+04
3.262500e-03 2.598067e+04
3.275000e-03 2.595911e+04
3.287500e-03 2.593719e+04
3.300000e-03 2.591493e+04
3.312500e-03 2.589232e+04
3.325000e-03 2.586937e+04
3.337500e-03 2.584608e+04
3.350000e-03 2.582246e+04
3.362500e-03 2.579850e+04
3.375000e-03 2.577421e+04
3.387500e-03 2.574959e+04
3.400000e-03 2.572464e+04
3.412500e-03 2.569937e+04
3.425000e-03 2.567378e+04
3.437500e-03 2.564786e+04
3.450000e-03 2.562163e+04
3.462500e-03 2.559509e+04
3.475000e-03 2.556822e+04
3.487500e-03 2.554105e+04
3.500000e-03 2.551356e+04
3.512500e-03 2.548577e+04
3.525000e-03 2.545767e+04
3.537500e-03 2.542926e+04
3.550000e-03 2.540055e+04
3.562500e-03 2.537154e+04
3.575000e-03 2.534223e+04
3.587500e-03 2.531261e+04
3.600000e-03 2.528270e+04
3.612500e-03 2.525249e+04
3.625000e-03 2.522199e+04
3.637500e-03 2.519119e+04
3.650000e-03 2.516010e+04
3.662500e-03 2.512871e+04
3.675000e-03 2.509704e+04
3.687500e-03 2.506507e+04
3.700000e-03 2.503281e+04
3.712500e-03 2.500027e+04
3.725000e-03 2.496744e+04
3.737500e-03 2.493433e+04
3.750000e-03 2.490092e+04
3.762500e-03 2.486724e+04
3.775000e-03 2.483327e+04
3.787500e-03 2.479901e+04
3.800000e-03 2.476448e+04
3.812500e-03 2.472966e+04
3.825000e-03 2.469456e+04
3.837500e-03 2.465919e+04
3.850000e-03 2.462353e+04
3.862500e-03 2.458759e+04
3.875000e-03 2.455138e+04
3.887500e-03 2.451488e+04
3.900000e-03 2.447811e+04
3.912500e-03 2.444107e+04
3.925000e-03 2.440374e+04
3.937500e-03 2.436614e+04
3.950000e-03 2.432827e+04
3.962500e-03 2.429012e+04
3.975000e-03 2.425170e+04
3.987500e-03 2.421300e+04
4.000000e-03 2.417403e+04
4.012500e-03 2.419374e+04
4.025000e-03 2.421318e+04
4.037500e-03 2.423235e+04
4.050000e-03 2.425124e+04
4.062500e-03 2.426986e+04
4.075000e-03 2.428821e+04
4.087500e-03 2.430629e+04
4.100000e-03 2.432410e+04
4.112500e-03 2.434164e+04
4.125000e-03 2.435891e+04
4.137500e-03 2.437591e+04
4.150000e-03 2.439264e+04
4.162500e-03 2.440910e+04
4.175000e-03 2.442529e+04
4.187500e-03 2.444121e+04
4.200000e-03 2.445686e+04
4.212500e-03 2.447224e+04
4.225000e-03 2.448736e+04
4.237500e-03 2.450220e+04
4.250000e-03 2.451678e+04
4.262500e-03 2.453109e+04
4.275000e-03 2.454514e+04
4.287500e-03 2.455891e+04
4.300000e-03 2.457242e+04
4.312500e-03 2.458566e+04
4.325000e-03 2.459864e+04
4.337500e-03 2.461134e+04
4.350000e-03 2.462378e+04
4.362500e-03 2.463596e+04
4.375000e-03 2.464787e+04
4.387500e-03 2.465951e+04
4.400000e-03 2.467088e+04
4.412500e-03 2.468199e+04
4.425000e-03 2.469284e+04
4.437500e-03 2.470341e+04
4.450000e-03 2.471372e+04
4.462500e-03 2.472377e+04
4.475000e-03 2.473355e+04
4.487500e-03 2.474307e+04
4.500000e-03 2.475232e+04
4.512500e-03 2.476130e+04
4.525000e-03 2.477002e+04
4.537500e-03 2.477847e+04
4.550000e-03 2.478666e+04
4.562500e-03 2.479459e+04
4.575000e-03 2.480225e+04
4.587500e-03 2.480964e+04
4.600000e-03 2.481677e+04
4.612500e-03 2.482364e+04
4.625000e-03 2.483024e+04
4.637500e-03 2.483657e+04
4.650000e-03 2.484265e+04
4.662500e-03 2.484845e+04
4.675000e-03 2.485400e+04
4.687500e-03 2.485928e+04
4.700000e-03 2.486429e+04
4.712500e-03 2.486904e+04
4.725000e-03 2.487353e+04
4.737500e-03 2.487775e+04
4.750000e-03 2.488171e+04
4.762500e-03 2.488540e+04
4.775000e-03 2.488883e+04
4.787500e-03 2.489200e+04
4.800000e-03 2.489490e+04
4.812500e-03 2.489754e+04
4.825000e-03 2.489991e+04
4.837500e-03 2.490202e+04
4.850000e-03 2.490387e+04
4.862500e-03 2.490545e+04
4.875000e-03 2.490677e+04
4.887500e-03 2.490783e+04
4.900000e-03 2.490862e+04
4.912500e-03 2.490915e+04
4.925000e-03 2.490843e+04
4.937500e-03 2.488835e+04
4.950000e-03 2.486827e+04
4.962500e-03 2.484819e+04
4.975000e-03 2.482811e+04
4.987500e-03 2.480803e+04
5.000000e-03 2.478795e+04
5.012500e-03 2.476786e+04
5.025000e-03 2.474778e+04
5.037500e-03 2.472769e+04
5.050000e-03 2.470761e+04
5.062500e-03 2.468752e+04
5.075000e-03 2.466743e+04
5.087500e-03 2.464734e+04
5.100000e-03 2.462726e+04
5.112500e-03 2.460717e+04
5.125000e-03 2.458708e+04
5.137500e-03 2.456699e+04
5.150000e-03 2.454690e+04
5.162500e-03 2.452680e+04
5.175000e-03 2.450671e+04
5.187500e-03 2.448662e+04
5.200000e-03 2.446653e+04
5.212500e-03 2.444643e+04
5.225000e-03 2.442634e+04
5.237500e-03 2.440625e+04
5.250000e-03 2.438615e+04
5.262500e-03 2.436606e+04
5.275000e-03 2.434596e+04
5.287500e-03 2.432587e+04
5.300000e-03 2.430577e+04
5.312500e-03 2.428567e+04
5.325000e-03 2.426558e+04
5.337500e-03 2.424548e+04
5.350000e-03 2.422538e+04
5.362500e-03 2.420528e+04
5.375000e-03 2.418518e+04
5.387500e-03 2.416509e+04
5.400000e-03 2.414499e+04
5.412500e-03 2.412489e+04
5.425000e-03 2.410479e+04
5.437500e-03 2.408469e+04
5.450000e-03 2.406459e+04
5.462500e-03 2.404449e+04
5.475000e-03 2.402439e+04
5.487500e-03 2.400429e+04
5.500000e-03 2.398419e+04
5.512500e-03 2.396408e+04
5.525000e-03 2.394398e+04
5.537500e-03 2.392388e+04
5.550000e-03 2.390378e+04
5.562500e-03 2.388368e+04
5.575000e-03 2.386357e+04
5.587500e-03 2.384347e+04
5.600000e-03 2.382337e+04
5.612500e-03 2.380327e+04
5.625000e-03 2.378316e+04
5.637500e-03 2.376306e+04
5.650000e-03 2.374296e+04
5.662500e-03 2.372285e+04
5.675000e-03 2.370275e+04
5.687500e-03 2.368264e+04
5.700000e-03 2.366254e+04
5.712500e-03 2.364244e+04
5.725000e-03 2.362233e+04
5.737500e-03 2.360223e+04
5.750000e-03 2.358212e+04
5.762500e-03 2.356202e+04
5.775000e-03 2.354191e+04
5.787500e-03 2.352181e+04
5.800000e-03 2.350170e+04
5.812500e-03 2.348160e+04
5.825000e-03 2.346149e+04
5.837500e-03 2.344138e+04
5.850000e-03 2.342128e+04
5.862500e-03 2.340117e+04
5.875000e-03 2.338107e+04
5.887500e-03 2.336096e+04
5.900000e-03 2.334085e+04
5.912500e-03 2.332075e+04
5.925000e-03 2.330064e+04
5.937500e-03 2.328053e+04
5.950000e-03 2.326043e+04
5.962500e-03 2.324032e+04
5.975000e-03 2.322021e+04
5.987500e-03 2.320011e+04
6.000000e-03 2.318000e+04
6.012500e-03 2.315989e+04
6.025000e-03 2.313979e+04
6.037500e-03 2.311968e+04
6.050000e-03 2.309957e+04
6.062500e-03 2.307946e+04
6.075000e-03 2.305936e+04
6.087500e-03 2.303925e+04
6.100000e-03 2.301914e+04
6.112500e-03 2.299903e+04
6.125000e-03 2.297893e+04
6.137500e-03 2.295882e+04
6.150000e-03 2.293871e+04
6.162500e-03 2.291860e+04
6.175000e-03 2.289850e+04
6.187500e-03 2.287839e+04
6.200000e-03 2.285828e+04
6.212500e-03 2.283817e+04
6.225000e-03 2.281806e+04
6.237500e-03 2.279796e+04
6.250000e-03 2.277785e+04
6.262500e-03 2.275774e+04
6.275000e-03 2.273763e+04
6.287500e-03 2.271752e+04
6.300000e-03 2.269741e+04
6.312500e-03 2.267731e+04
6.325000e-03 2.265720e+04
6.337500e-03 2.263709e+04
6.350000e-03 2.261698e+04
6.362500e-03 2.259687e+04
6.375000e-03 2.257676e+04
6.387500e-03 2.255665e+04
6.400000e-03 2.253655e+04
6.412500e-03 2.251644e+04
6.425000e-03 2.249633e+04
6.437500e-03 2.247622e+04
6.450000e-03 2.245611e+04
6.462500e-03 2.243600e+04
6.475000e-03 2.241589e+04
6.487500e-03 2.239578e+04
6.500000e-03 2.237567e+04
6.512500e-03 2.235556e+04
6.525000e-03 2.233546e+04
6.537500e-03 2.231535e+04
6.550000e-03 2.229524e+04
6.562500e-03 2.227513e+04
6.575000e-03 2.225502e+04
6.587500e-03 2.223491e+04
6.600000e-03 2.221480e+04
6.612500e-03 2.219469e+04
6.625000e-03 2.217458e+04
6.637500e-03 2.215447e+04
6.650000e-03 2.213436e+04
6.662500e-03 2.211425e+04
6.675000e-03 2.209415e+04
6.687500e-03 2.207404e+04
6.700000e-03 2.205393e+04
6.712500e-03 2.203382e+04
6.725000e-03 2.201371e+04
6.737500e-03 2.199360e+04
6.750000e-03 2.197349e+04
6.762500e-03 2.195338e+04
6.775000e-03 2.193327e+04
6.787500e-03 2.191316e+04
6.800000e-03 2.189305e+04
6.812500e-03 2.187294e+04
6.825000e-03 2.185283e+04
6.837500e-03 2.183272e+04
6.850000e-03 2.181261e+04
6.862500e-03 2.179250e+04
6.875000e-03 2.177239e+04
6.887500e-03 2.175228e+04
6.900000e-03 2.173217e+04
6.912500e-03 2.171206e+04
6.925000e-03 2.169195e+04
6.937500e-03 2.167185e+04
6.950000e-03 2.165174e+04
6.962500e-03 2.163163e+04
6.975000e-03 2.161152e+04
6.987500e-03 2.159141e+04
7.000000e-03 2.157130e+04
7.012500e-03 2.155119e+04
7.025000e-03 2.153108e+04
7.037500e-03 2.151097e+04
7.050000e-03 2.149086e+04
7.062500e-03 2.147075e+04
7.075000e-03 2.145064e+04
7.087500e-03 2.143053e+04
7.100000e-03 2.141042e+04
7.112500e-03 2.139031e+04
7.125000e-03 2.137020e+04
7.137500e-03 2.135009e+04
7.150000e-03 2.132998e+04
7.162500e-03 2.130987e+04
7.175000e-03 2.128976e+04
7.187500e-03 2.126965e+04
7.200000e-03 2.124954e+04
7.212500e-03 2.122943e+04
7.225000e-03 2.120932e+04
7.237500e-03 2.118921e+04
7.250000e-03 2.116910e+04
7.262500e-03 2.114899e+04
7.275000e-03 2.112888e+04
7.287500e-03 2.110877e+04
7.300000e-03 2.108866e+04
7.312500e-03 2.106855e+04
7.325000e-03 2.104844e+04
7.337500e-03 2.102833e+04
7.350000e-03 2.100822e+04
7.362500e-03 2.098811e+04
7.375000e-03 2.096800e+04
7.387500e-03 2.094789e+04
7.400000e-03 2.092778e+04
7.412500e-03 2.090767e+04
7.425000e-03 2.088756e+04
7.437500e-03 2.086745e+04
7.450000e-03 2.084734e+04
7.462500e-03 2.082723e+04
7.475000e-03 2.080712e+04
7.487500e-03 2.078701e+04
7.500000e-03 2.076690e+04
7.512500e-03 2.074679e+04
7.525000e-03 2.072668e+04
7.537500e-03 2.070657e+04
7.550000e-03 2.068646e+04
7.562500e-03 2.066635e+04
7.575000e-03 2.064624e+04
7.587500e-03 2.062613e+04
7.600000e-03 2.060602e+04
7.612500e-03 2.058591e+04
7.625000e-03 2.056580e+04
7.637500e-03 2.054569e+04
7.650000e-03 2.052558e+04
7.662500e-03 2.050547e+04
7.675000e-03 2.048536e+04
7.687500e-03 2.046525e+04
7.700000e-03 2.044514e+04
7.712500e-03 2.042503e+04
7.725000e-03 2.040492e+04
7.737500e-03 2.038481e+04
7.750000e-03 2.036470e+04
7.762500e-03 2.034459e+04
7.775000e-03 2.032448e+04
7.787500e-03 2.030437e+04
7.800000e-03 2.028426e+04
7.812500e-03 2.026415e+04
7.825000e-03 2.024404e+04
7.837500e-03 2.022393e+04
7.850000e-03 2.020382e+04
7.862500e-03 2.018371e+04
7.875000e-03 2.016360e+04
7.887500e-03 2.014349e+04
7.900000e-03 2.012338e+04
7.912500e-03 2.010327e+04
7.925000e-03 2.008316e+04
7.937500e-03 2.006305e+04
7.950000e-03 2.004294e+04
7.962500e-03 2.002283e+04
7.975000e-03 2.000272e+04
7.987500e-03 1.998261e+04
8.000000e-03 1.996250e+04
8.012500e-03 1.994239e+04
8.025000e-03 1.992228e+04
8.037500e-03 1.990217e+04
8.050000e-03 1.988206e+04
8.062500e-03 1.986195e+04
8.075000e-03 1.984184e+04
8.087500e-03 1.982173e+04
8.100000e-03 1.980162e+04
8.112500e-03 1.978151e+04
8.125000e-03 1.976140e+04
8.137500e-03 1.974130e+04
8.150000e-03 1.972119e+04
8.162500e-03 1.970108e+04
8.175000e-03 1.968097e+04
8.187500e-03 1.966086e+04
8.200000e-03 1.964075e+04
8.212500e-03 1.962064e+04
8.225000e-03 1.960053e+04
8.237500e-03 1.958042e+04
8.250000e-03 1.956031e+04
8.262500e-03 1.954020e+04
8.275000e-03 1.952009e+04
8.287500e-03 1.949998e+04
8.300000e-03 1.947987e+04
8.312500e-03 1.945976e+04
8.325000e-03 1.943965e+04
8.337500e-03 1.941954e+04
8.350000e-03 1.939943e+04
8.362500e-03 1.937932e+04
8.375000e-03 1.935921e+04
8.387500e-03 1.933910e+04
8.400000e-03 1.931899e+04
8.412500e-03 1.929888e+04
8.425000e-03 1.927877e+04
8.437500e-03 1.925866e+04
8.450000e-03 1.923855e+04
8.462500e-03 1.921844e+04
8.475000e-03 1.919833e+04
8.487500e-03 1.917822e+04
8.500000e-03 1.915811e+04
8.512500e-03 1.913800e+04
8.525000e-03 1.911789e+04
8.537500e-03 1.909778e+04
8.550000e-03 1.907767e+04
8.562500e-03 1.905756e+04
8.575000e-03 1.903745e+04
8.587500e-03 1.901734e+04
8.600000e-03 1.899723e+04
8.612500e-03 1.897712e+04
8.625000e-03 1.895701e+04
8.637500e-03 1.893690e+04
8.650000e-03 1.891679e+04
8.662500e-03 1.889668e+04
8.675000e-03 1.887657e+04
8.687500e-03 1.885646e+04
8.700000e-03 1.883635e+04
8.712500e-03 1.881624e+04
8.725000e-03 1.879613e+04
8.737500e-03 1.877602e+04
8.750000e-03 1.875591e+04
8.762500e-03 1.873580e+04
8.775000e-03 1.871569e+04
8.787500e-03 1.869558e+04
8.800000e-03 1.867547e+04
8.812500e-03 1.865536e+04
8.825000e-03 1.863525e+04
8.837500e-03 1.861514e+04
8.850000e-03 1.859503e+04
8.862500e-03 1.857492e+04
8.875000e-03 1.855481e+04
8.887500e-03 1.853470e+04
8.900000e-03 1.851459e+04
8.912500e-03 1.849448e+04
8.925000e-03 1.847437e+04
8.937500e-03 1.845426e+04
8.950000e-03 1.843415e+04
8.962500e-03 1.841404e+04
8.975000e-03 1.839393e+04
8.987500e-03 1.837382e+04
9.000000e-03 1.835371e+04
9.012500e-03 1.833360e+04
9.025000e-03 1.831349e+04
9.037500e-03 1.829339e+04
9.050000e-03 1.827328e+04
9.062500e-03 1.825317e+04
9.075000e-03 1.823306e+04
9.087500e-03 1.821295e+04
9.100000e-03 1.819284e+04
9.112500e-03 1.817273e+04
9.125000e-03 1.815262e+04
9.137500e-03 1.813251e+04
9.150000e-03 1.811240e+04
9.162500e-03 1.809229e+04
9.175000e-03 1.807218e+04
9.187500e-03 1.805207e+04
9.200000e-03 1.803196e+04
9.212500e-03 1.801185e+04
9.225000e-03 1.799174e+04
9.237500e-03 1.797163e+04
9.250000e-03 1.795152e+04
9.262500e-03 1.793141e+04
9.275000e-03 1.791130e+04
9.287500e-03 1.789119e+04
9.300000e-03 1.787108e+04
9.312500e-03 1.785097e+04
9.325000e-03 1.783086e+04
9.337500e-03 1.781075e+04
9.350000e-03 1.779064e+04
9.362500e-03 1.777053e+04
9.375000e-03 1.775042e+04
9.387500e-03 1.773031e+04
9.400000e-03 1.771020e+04
9.412500e-03 1.769009e+04
9.425000e-03 1.766998e+04
9.437500e-03 1.764987e+04
9.450000e-03 1.762976e+04
9.462500e-03 1.760965e+04
9.475000e-03 1.758955e+04
9.487500e-03 1.756944e+04
9.500000e-03 1.754933e+04
9.512500e-03 1.752922e+04
9.525000e-03 1.750911e+04
9.537500e-03 1.748900e+04
9.550000e-03 1.746889e+04
9.562500e-03 1.744878e+04
9.575000e-03 1.742867e+04
9.587500e-03 1.740856e+04
9.600000e-03 1.738845e+04
9.612500e-03 1.736834e+04
9.625000e-03 1.734823e+04
9.637500e-03 1.732812e+04
9.650000e-03 1.730801e+04
9.662500e-03 1.728790e+04
9.675000e-03 1.726779e+04
9.687500e-03 1.724768e+04
9.700000e-03 1.722757e+04
9.712500e-03 1.720746e+04
9.725000e-03 1.718735e+04
9.737500e-03 1.716724e+04
9.750000e-03 1.714713e+04
9.762500e-03 1.712702e+04
9.775000e-03 1.710691e+04
9.787500e-03 1.708680e+04
9.800000e-03 1.706670e+04
9.812500e-03 1.704659e+04
9.825000e-03 1.702648e+04
9.837500e-03 1.700637e+04
9.850000e-03 1.698626e+04
9.862500e-03 1.696615e+04
9.875000e-03 1.694604e+04
9.887500e-03 1.692593e+04
9.900000e-03 1.690582e+04
9.912500e-03 1.688571e+04
9.925000e-03 1.686560e+04
9.937500e-03 1.684549e+04
9.950000e-03 1.682538e+04
9.962500e-03 1.680527e+04
9.975000e-03 1.678516e+04
9.987500e-03 1.676505e+04
1.000000e-02 1.674494e+04
1.001250e-02 1.672483e+04
1.002500e-02 1.670472e+04
1.003750e-02 1.668461e+04
1.005000e-02 1.666450e+04
1.006250e-02 1.664440e+04
1.007500e-02 1.662429e+04
1.008750e-02 1.660418e+04
1.010000e-02 1.658407e+04
1.011250e-02 1.656396e+04
1.012500e-02 1.654385e+04
1.013750e-02 1.652374e+04
1.015000e-02 1.650363e+04
1.016250e-02 1.648352e+04
1.017500e-02 1.646341e+04
1.018750e-02 1.644330e+04
1.020000e-02 1.642319e+04
1.021250e-02 1.640308e+04
1.022500e-02 1.638297e+04
1.023750e-02 1.636286e+04
1.025000e-02 1.634275e+04
1.026250e-02 1.632264e+04
1.027500e-02 1.630253e+04
1.028750e-02 1.628242e+04
1.030000e-02 1.626232e+04
1.031250e-02 1.624221e+04
1.032500e-02 1.622210e+04
1.033750e-02 1.620199e+04
1.035000e-02 1.618188e+04
1.036250e-02 1.616177e+04
1.037500e-02 1.614166e+04
1.038750e-02 1.612155e+04
1.040000e-02 1.610144e+04
1.041250e-02 1.608133e+04
1.042500e-02 1.606122e+04
1.043750e-02 1.604111e+04
1.045000e-02 1.602100e+04
1.046250e-02 1.600089e+04
1.047500e-02 1.598078e+04
1.048750e-02 1.596067e+04
1.050000e-02 1.594057e+04
1.051250e-02 1.592046e+04
1.052500e-02 1.590035e+04
1.053750e-02 1.588024e+04
1.055000e-02 1.586013e+04
1.056250e-02 1.584002e+04
1.057500e-02 1.581991e+04
1.058750e-02 1.579980e+04
1.060000e-02 1.577969e+04
1.061250e-02 1.575958e+04
1.062500e-02 1.573947e+04
1.063750e-02 1.571936e+04
1.065000e-02 1.569925e+04
1.066250e-02 1.567914e+04
1.067500e-02 1.565903e+04
1.068750e-02 1.563893e+04
1.070000e-02 1.561882e+04
1.071250e-02 1.559871e+04
1.072500e-02 1.557860e+04
1.073750e-02 1.555849e+04
1.075000e-02 1.553838e+04
1.076250e-02 1.551827e+04
1.077500e-02 1.549816e+04
1.078750e-02 1.547805e+04
1.080000e-02 1.545794e+04
1.081250e-02 1.543783e+04
1.082500e-02 1.541772e+04
1.083750e-02 1.539761e+04
1.085000e-02 1.537750e+04
1.086250e-02 1.535739e+04
1.087500e-02 1.533729e+04
1.088750e-02 1.531718e+04
1.090000e-02 1.529707e+04
1.091250e-02 1.527696e+04
1.092500e-02 1.525685e+04
1.093750e-02 1.523674e+04
1.095000e-02 1.521663e+04
1.096250e-02 1.519652e+04
1.097500e-02 1.517641e+04
1.098750e-02 1.515630e+04
1.100000e-02 1.513619e+04
1.101250e-02 1.511608e+04
1.102500e-02 1.509597e+04
1.103750e-02 1.507587e+04
1.105000e-02 1.505576e+04
1.106250e-02 1.503565e+04
1.107500e-02 1.501554e+04
1.108750e-02 1.499543e+04
1.110000e-02 1.497532e+04
1.111250e-02 1.495521e+04
1.112500e-02 1.493510e+04
1.113750e-02 1.491499e+04
1.115000e-02 1.489488e+04
1.116250e-02 1.487477e+04
1.117500e-02 1.485466e+04
1.118750e-02 1.483456e+04
1.120000e-02 1.481445e+04
1.121250e-02 1.479434e+04
1.122500e-02 1.477423e+04
1.123750e-02 1.475412e+04
1.125000e-02 1.473401e+04
1.126250e-02 1.471390e+04
1.127500e-02 1.469379e+04
1.128750e-02 1.467368e+04
1.130000e-02 1.465357e+04
1.131250e-02 1.463346e+04
1.132500e-02 1.461335e+04
1.133750e-02 1.459325e+04
1.135000e-02 1.457314e+04
1.136250e-02 1.455303e+04
1.137500e-02 1.453292e+04
1.138750e-02 1.451281e+04
1.140000e-02 1.449270e+04
1.141250e-02 1.447259e+04
1.142500e-02 1.445248e+04
1.143750e-02 1.443237e+04
1.145000e-02 1.441226e+04
1.146250e-02 1.439215e+04
1.147500e-02 1.437205e+04
1.148750e-02 1.435194e+04
1.150000e-02 1.433183e+04
1.151250e-02 1.431172e+04
1.152500e-02 1.429161e+04
1.153750e-02 1.427150e+04
1.155000e-02 1.425139e+04
1.156250e-02 1.423128e+04
1.157500e-02 1.421117e+04
1.158750e-02 1.419106e+04
1.160000e-02 1.417095e+04
1.161250e-02 1.415085e+04
1.162500e-02 1.413074e+04
1.163750e-02 1.411063e+04
1.165000e-02 1.409052e+04
1.166250e-02 1.407041e+04
1.167500e-02 1.405030e+04
1.168750e-02 1.403019e+04
1.170000e-02 1.401008e+04
1.171250e-02 1.398997e+04
1.172500e-02 1.396986e+04
1.173750e-02 1.394976e+04
1.175000e-02 1.392965e+04
1.176250e-02 1.390954e+04
1.177500e-02 1.388943e+04
1.178750e-02 1.386932e+04
1.180000e-02 1.384921e+04
1.181250e-02 1.382910e+04
1.182500e-02 1.380899e+04
1.183750e-02 1.378888e+04
1.185000e-02 1.376877e+04
1.186250e-02 1.374867e+04
1.187500e-02 1.372856e+04
1.188750e-02 1.370845e+04
1.190000e-02 1.368834e+04
1.191250e-02 1.366823e+04
1.192500e-02 1.364812e+04
1.193750e-02 1.362801e+04
1.195000e-02 1.360790e+04
1.196250e-02 1.358779e+04
1.197500e-02 1.356768e+04
1.198750e-02 1.354758e+04
1.200000e-02 1.352747e+04
1.201250e-02 1.350736e+04
1.202500e-02 1.348725e+04
1.203750e-02 1.346714e+04
1.205000e-02 1.344703e+04
1.206250e-02 1.342692e+04
1.207500e-02 1.340681e+04
1.208750e-02 1.338670e+04
1.210000e-02 1.336660e+04
1.211250e-02 1.334649e+04
1.212500e-02 1.332638e+04
1.213750e-02 1.330627e+04
1.215000e-02 1.328616e+04
1.216250e-02 1.326605e+04
1.217500e-02 1.324594e+04
1.218750e-02 1.322583e+04
1.220000e-02 1.320572e+04
1.221250e-02 1.318562e+04
1.222500e-02 1.316551e+04
1.223750e-02 1.314540e+04
1.225000e-02 1.312529e+04
1.226250e-02 1.310518e+04
1.227500e-02 1.308507e+04
1.228750e-02 1.306496e+04
1.230000e-02 1.304485e+04
1.231250e-02 1.302474e+04
1.232500e-02 1.300464e+04
1.233750e-02 1.298453e+04
1.235000e-02 1.296442e+04
1.236250e-02 1.294431e+04
1.237500e-02 1.292420e+04
1.238750e-02 1.290409e+04
1.240000e-02 1.288398e+04
1.241250e-02 1.286387e+04
1.242500e-02 1.284376e+04
1.243750e-02 1.282366e+04
1.245000e-02 1.280355e+04
1.246250e-02 1.278344e+04
1.247500e-02 1.276333e+04
1.248750e-02 1.274322e+04
1.250000e-02 1.272311e+04
